Date: 2025-01-24 16:56:07
Running on: AGKraus-Super-Server
Temporary directory: /scratch/sachs//CRY_3585292
Executable: /Data/Software/crystal/crystal23/bin/Linux-ifort_i64/v1.0.1_openmpi//properties
Output: /Data/Sachs/projekte/ferroelectric_fluorides/calculations/BaZnF4_oS24_SG63_PBE0_tzvp_wannier/0.prop.out
Properties input data 0.d3
NEWK
0 8
8 8 5
1 0
LOCALI
END
END
END
Creating temporary directory /scratch/sachs//CRY_3585292 on node AGKraus-Super-Server
SCF wavefunction 0.w is available as /scratch/sachs//CRY_3585292/fort.9

         
 *******************************************************************************
 *                                                                             *
 *                               CRYSTAL23                                     *
 *                      public : 1.0.1 - October 2022                          *
 *                       HTTP://WWW.CRYSTAL.UNITO.IT                           *
 *                                                                             *
 *                              MAIN AUTHORS                                   *
 *                                                                             *
 *  R. DOVESI(1,11), V.R. SAUNDERS(2), C. ROETTI(1,11), R. ORLANDO(1,11),      *
 *  C.M. ZICOVICH-WILSON(1,3), F. PASCALE(4), B. CIVALLERI(1,11),              *
 *  K. DOLL(5), N.M. HARRISON(6), I.J. BUSH(7), Ph. D'ARCO(8),                 *
 *  M. LLUNELL(9), M. CAUSA'(10), Y. NOEL(8), L. MASCHIO(1,11), A. ERBA(1,11)  *
 *  M. RE'RAT(14), S. CASASSA(1,11), B.G. SEARLE(2), J.K. DESMARAIS(1)         *
 *                                                                             *
 *        CONTRIBUTIONS TO THE CODE HAVE ALSO BEEN GIVEN BY                    *
 *                                                                             *
 *  M. FERRABONE(1,11), M. DE LA PIERRE(1,11), M. FERRERO(1,11),               *
 *  J. BAIMA(1,11), E. ALBANESE(1,11), M.F. PEINTINGER(12), R. BAST(13),       *
 *  B. KIRTMAN(15), V. LACIVITA(1,11), R. DEMICHELIS(1,16)                     *
 *  G. BRANDEBURG(17), S. SALUSTRO(1,11), G. SANSONE(1,11)                     *
 *  M.T. RUGGIERO(18), L.E. DAGA(1), L. DONA'(1), A. COSSARD(1)                *
 *                                                                             *
 * (1) THEORETICAL CHEMISTRY GROUP - UNIVERSITA' DI TORINO - TORINO (ITALY)    *
 * (2) SCIENTIFIC COMPUTING DEPARTMENT - STFC DARESBURY (UK)                   *
 * (3) UNIVERSIDAD AUTONOMA DEL ESTADO DE MORELOS - CUERNAVACA (MEXICO)        *
 * (4) UNIVERSITE' DE LORRAINE - NANCY (FRANCE)                                *
 * (5) UNIVERSITAET STUTTGART- STUTTGART (GERMANY)                             *
 * (6) IMPERIAL COLLEGE - LONDON (UK)                                          *
 * (7) SCIENTIFIC COMPUTING DEPARTMENT - STFC RAL (UK)                         *
 * (8) UPMC - SORBONNE UNIVERSITES - PARIS (FRANCE)                            *
 * (9) UNIVERSIDAD DE BARCELONA - BARCELONA (SPAIN)                            *
 *(10) UNIVERSITA' DI NAPOLI "FEDERICO II" - NAPOLI (ITALY)                    *
 *(11) NIS - NANOSTRUCTURED INTERFACES AND SURFACES - TORINO (ITALY)           *
 *(12) MPI FUER CHEMISCHE ENERGIEKONVERSION - MUELHEIM AN DER RUHR (GERMANY)   *
 *(13) UNIVERSITY OF TROMSO - TROMSO (NORWAY)                                  *
 *(14) UNIVERSITE' DE PAU ET DES PAYS DE L'ADOUR - PAU (FRANCE)                *
 *(15) UNIVERSITY OF CALIFORNIA SANTA BARBARA - SANTA BARBARA (USA)            *
 *(16) CURTIN UNIVERSITY - PERTH (AUSTRALIA)                                   *
 *(17) UNIVERSITY COLLEGE LONDON - LONDON (UK)                                 *
 *(18) UNIVERSITY OF VERMONT - BURLINGTON (USA)                                *
 *                                                                             *
 *******************************************************************************
 EEEEEEEEEE STARTING  DATE 24 01 2025 TIME 16:56:08.0
 INFORMATION **** SET_MPP **** PCRYSTAL CALCULATION

 *******************************************************************************
 Polarisation path Nr. 0.                                                        
 CRYSTAL - PROPERTIES - TYPE OF CALCULATION :  RESTRICTED CLOSED SHELL
 *******************************************************************************
 KOHN-SHAM HAMILTONIAN

 (EXCHANGE)[CORRELATION] FUNCTIONAL:(PERDEW-BURKE-ERNZERHOF)[PERDEW-BURKE-ERNZERHOF]


 HYBRID EXCHANGE - PERCENTAGE OF FOCK EXCHANGE    25.0000

 DIRECT LATTICE VECTOR COMPONENTS (ANGSTROM)
         2.10290    7.28597    0.00000
        -2.10290    7.28597    0.00000
         0.00000    0.00000    5.86498

 LATTICE PARAMETERS  (ANGSTROM AND DEGREES) - PRIMITIVE CELL
       A          B          C         ALPHA      BETA     GAMMA        VOLUME
    7.58337    7.58337    5.86498     90.0000   90.0000   32.1988     179.72270
 *******************************************************************************
 N. OF ATOMS PER CELL        12 COULOMB OVERLAP TOL          (T1) 10**   -8
 NUMBER OF SHELLS           100 COULOMB PENETRATION TOL      (T2) 10**   -8
 NUMBER OF AO               256 EXCHANGE OVERLAP TOL         (T3) 10**   -8
 N. OF ELECTRONS PER CELL   152 EXCHANGE PSEUDO OVP (F(G))   (T4) 10**   -8
 CORE ELECTRONS PER CELL     52 EXCHANGE PSEUDO OVP (P(G))   (T5) 10**  -16
 N. OF SYMMETRY OPERATORS     4 POLE ORDER IN MONO ZONE                   4
 CORE  PSEUDO POTENTIAL         TOL. ON PSEUDO              (TP) 10**- 6
 *******************************************************************************
   ATOM N.AT.  SHELL    X(A)      Y(A)      Z(A)      EXAD       N.ELECT.
 *******************************************************************************
    1  256 BA    6     0.000     2.056    -0.778   2.732E-01       8.287
    2  256 BA    6    -0.000    -2.056     2.154   2.732E-01       8.287
    3   30 ZN   12    -2.103    -1.401    -0.778   3.903E-01      28.881
    4   30 ZN   12    -2.103     1.401     2.154   3.903E-01      28.881
    5    9 F     8    -2.103    -2.774    -2.244   1.400E+00       9.726
    6    9 F     8    -2.103     2.774     0.689   1.400E+00       9.726
    7    9 F     8    -2.103    -2.774     0.687   1.400E+00       9.726
    8    9 F     8    -2.103     2.774    -2.245   1.400E+00       9.726
    9    9 F     8     0.000     1.209     2.154   1.400E+00       9.694
   10    9 F     8    -0.000    -1.209    -0.778   1.400E+00       9.694
   11    9 F     8     0.000     7.286    -2.245   1.400E+00       9.685
   12    9 F     8     0.000     7.286     0.688   1.400E+00       9.685
 *******************************************************************************
 DE(K)                   0.000E+00  ENERGY LEVEL SHIFTING        0.00000
 TOTAL ENERGY -4.4084015451707E+03  CONVERGENCE ON ENER        2.647E-08
 KIN. ENERGY   4.3658148854372E+03  VIR. COEFF.           1.01555875E+00
 N. OF SCF CYCLES                9  FERMI ENERGY              -0.248E+00
 WEIGHT OF F(I) IN F(I+1)      80
 SHRINK. FACT.(MONKH.)     8  8  5  SHRINKING FACTOR(GILAT NET)        8
 NUMBER OF K POINTS IN THE IBZ  63  CELL VOLUME (A.U.)       1212.828899
 *******************************************************************************

 GCALCO - MAX INDICES DIRECT LATTICE VECTOR    16    16    11
 NO.OF VECTORS CREATED 6999 STARS 1033 RMAX   126.66320 BOHR
 TTTTTTTTTTTTTTTTTTTTTTTTTTTTTT gordsh1     TELAPSE        0.05 TCPU        0.05

 MATRIX SIZE: P(G)  374732, F(G)   64434, P(G) IRR   59822, F(G) IRR   22223
 MAX G-VECTOR INDEX FOR 1- AND 2-ELECTRON INTEGRALS 169


 CAPPA:IS1  8;IS2  8;IS3  5; K PTS MONK NET  63; SYMMOPS:K SPACE   8;G SPACE   4


 CAPPA:IS1  8;IS2  8;IS3  5; K PTS MONK NET  63; SYMMOPS:K SPACE   8;G SPACE   4

 *******************************************************************************
 RESTART WITH NEW K POINTS NET
 *******************************************************************************
 POINTS IN THE IBZ                  63 POINTS(GILAT NET)                63
 SHRINK FACTORS(MONK.)         8  8  5 SHRINK FACTOR(GILAT)              8
 *******************************************************************************
 *** K POINTS COORDINATES (OBLIQUE COORDINATES IN UNITS OF IS =  8)
   1-R(  0  0  0)   2-C(  1  0  0)   3-C(  2  0  0)   4-C(  3  0  0)
   5-R(  4  0  0)   6-C(  1  1  0)   7-C(  2  1  0)   8-C(  3  1  0)
   9-C(  4  1  0)  10-C(  5  1  0)  11-C(  6  1  0)  12-C(  7  1  0)
  13-C(  2  2  0)  14-C(  3  2  0)  15-C(  4  2  0)  16-C(  5  2  0)
  17-C(  6  2  0)  18-C(  3  3  0)  19-C(  4  3  0)  20-C(  5  3  0)
  21-R(  4  4  0)  22-C(  0  0  1)  23-C(  1  0  1)  24-C(  2  0  1)
  25-C(  3  0  1)  26-C(  4  0  1)  27-C(  1  1  1)  28-C(  2  1  1)
  29-C(  3  1  1)  30-C(  4  1  1)  31-C(  5  1  1)  32-C(  6  1  1)
  33-C(  7  1  1)  34-C(  2  2  1)  35-C(  3  2  1)  36-C(  4  2  1)
  37-C(  5  2  1)  38-C(  6  2  1)  39-C(  3  3  1)  40-C(  4  3  1)
  41-C(  5  3  1)  42-C(  4  4  1)  43-C(  0  0  2)  44-C(  1  0  2)
  45-C(  2  0  2)  46-C(  3  0  2)  47-C(  4  0  2)  48-C(  1  1  2)
  49-C(  2  1  2)  50-C(  3  1  2)  51-C(  4  1  2)  52-C(  5  1  2)
  53-C(  6  1  2)  54-C(  7  1  2)  55-C(  2  2  2)  56-C(  3  2  2)
  57-C(  4  2  2)  58-C(  5  2  2)  59-C(  6  2  2)  60-C(  3  3  2)
  61-C(  4  3  2)  62-C(  5  3  2)  63-C(  4  4  2)

 FERMI ENERGY AND DENSITY MATRIX CALCULATION ON COMPUTED EIGENVECTORS
 DENSITY MATRIX AT SCF CYCLE (  9+1)

 INSULATING STATE
 TOP OF VALENCE BANDS -    BAND     76; K    1; EIG -2.4793037E-01 AU
 BOTTOM OF VIRTUAL BANDS - BAND     77; K    1; EIG  5.4465411E-02 AU
 DIRECT ENERGY BAND GAP:   8.2286 eV

 CORE DENSITY MATRIX CALCULATION
 TTTTTTTTTTTTTTTTTTTTTTTTTTTTTT NEWK        TELAPSE        7.19 TCPU        7.19
 INSULATING STATE
 TOP OF VALENCE BANDS -    BAND     76; K    1; EIG -2.4793037E-01 AU
 BOTTOM OF VIRTUAL BANDS - BAND     77; K    1; EIG  5.4465411E-02 AU
 DIRECT ENERGY BAND GAP:   8.2286 eV

 LOCALISATION OF THE CRYSTALLINE ORBITALS
 ACCORDING TO A WANNIER-BOYS MIXED SCHEME

 LIST OF ACTIVE BANDS
      1     2     3     4     5     6     7     8     9    10    11    12    13
     14    15    16    17    18    19    20    21    22    23    24    25    26
     27    28    29    30    31    32    33    34    35    36    37    38    39
     40    41    42    43    44    45    46    47    48    49    50    51    52
     53    54    55    56    57    58    59    60    61    62    63    64    65
     66    67    68    69    70    71    72    73    74    75    76

 CONVERGENCE CRITERION: ABS(ADI(N) - ADI(N-1)) LT  0.1000E-04
 WHERE ADI IS THE ATOMIC DELOCALISATION INDEX AND N IS THE CYCLE NUMBER

 OMEGA IS THE SUM OF THE (X -X0)**2 EXPECTATION VALUES (MARZARI-VANDERBILT'S
 FUNCTIONAL)
 N OF CELLS IN THE MAXIMUM CYCLIC AND UNFOLDED CLUSTERS:  320  975
 N OF VERTICES IN THE UNFOLDED CLUSTER:  2
 TTTTTTTTTTTTTTTTTTTTTTTTTTTTTT SDKVDK      TELAPSE        7.66 TCPU        7.66

 *******************************************************************************
 CYCLE  1, DIPOLE MATRIX ELEMENTS EVALUATED WHEN WANNIER COEFF GT 10**-5
 AUTOMATIC INITIAL GUESS REQUESTED
 TTTTTTTTTTTTTTTTTTTTTTTTTTTTTT WAN0        TELAPSE        9.79 TCPU        9.79
 CLUSTER SIZE =  817 UNIT CELLS
 TTTTTTTTTTTTTTTTTTTTTTTTTTTTTT WANTOL      TELAPSE       10.56 TCPU       10.56
 TTTTTTTTTTTTTTTTTTTTTTTTTTTTTT BOYS1       TELAPSE       66.18 TCPU       66.17

 ATOMIC DELOCALISATION INDEX (BEFORE BOYS)     2.944706025    
 NORM        75.9999979853   (ERR PER WF    0.27E-07)
 BOYS LOCALISED FUNCTIONS AFTER  144 CYCLES (MAX = 500 TOL = 0.1E-07)

 SUM OF THE SQUARES OF THE DISTANCES BETWEEN CENTROIDS = 272107.    
 TTTTTTTTTTTTTTTTTTTTTTTTTTTTTT BOYS3       TELAPSE       66.28 TCPU       66.27
 OMEGA =   96.36278008          ABS(OMEGA(N)-OMEGA(N-1)) =   0.96363E+02
 TTTTTTTTTTTTTTTTTTTTTTTTTTTTTT BOYS1       TELAPSE       72.88 TCPU       72.87

 ATOMIC DELOCALISATION INDEX (AFTER  BOYS)     1.027729960    
 NORM        75.9999979853   (ERR PER WF    0.27E-07)
 TTTTTTTTTTTTTTTTTTTTTTTTTTTTTT WANTST      TELAPSE       72.88 TCPU       72.87

 *******************************************************************************
 CYCLE  2, DIPOLE MATRIX ELEMENTS EVALUATED WHEN WANNIER COEFF GT 10**-5
 TTTTTTTTTTTTTTTTTTTTTTTTTTTTTT WAN0        TELAPSE       74.89 TCPU       74.88
 CLUSTER SIZE =  247 UNIT CELLS
 TTTTTTTTTTTTTTTTTTTTTTTTTTTTTT WANTOL      TELAPSE       75.35 TCPU       75.34
 TTTTTTTTTTTTTTTTTTTTTTTTTTTTTT BOYS1       TELAPSE      123.13 TCPU      123.11

 ATOMIC DELOCALISATION INDEX (BEFORE BOYS)     1.026345777    
 NORM        75.9999998143   (ERR PER WF    0.24E-08)
 BOYS LOCALISED FUNCTIONS AFTER    5 CYCLES (MAX = 500 TOL = 0.1E-07)

 SUM OF THE SQUARES OF THE DISTANCES BETWEEN CENTROIDS = 272184.    
 TTTTTTTTTTTTTTTTTTTTTTTTTTTTTT BOYS3       TELAPSE      123.13 TCPU      123.12
 OMEGA =   90.35120627          ABS(OMEGA(N)-OMEGA(N-1)) =   0.60116E+01
 TTTTTTTTTTTTTTTTTTTTTTTTTTTTTT BOYS1       TELAPSE      128.79 TCPU      128.77

 ATOMIC DELOCALISATION INDEX (AFTER  BOYS)     1.026709929    
 NORM        75.9999998143   (ERR PER WF    0.24E-08)
 TTTTTTTTTTTTTTTTTTTTTTTTTTTTTT WANTST      TELAPSE      128.79 TCPU      128.77

 *******************************************************************************
 CYCLE  3, DIPOLE MATRIX ELEMENTS EVALUATED WHEN WANNIER COEFF GT 10**-5
 TTTTTTTTTTTTTTTTTTTTTTTTTTTTTT WAN0        TELAPSE      130.81 TCPU      130.80
 CLUSTER SIZE =  247 UNIT CELLS
 TTTTTTTTTTTTTTTTTTTTTTTTTTTTTT WANTOL      TELAPSE      131.27 TCPU      131.25
 TTTTTTTTTTTTTTTTTTTTTTTTTTTTTT BOYS1       TELAPSE      179.10 TCPU      179.07

 ATOMIC DELOCALISATION INDEX (BEFORE BOYS)     1.026344881    
 NORM        75.9999998142   (ERR PER WF    0.24E-08)
 BOYS LOCALISED FUNCTIONS AFTER    5 CYCLES (MAX = 500 TOL = 0.1E-07)

 SUM OF THE SQUARES OF THE DISTANCES BETWEEN CENTROIDS = 272184.    
 TTTTTTTTTTTTTTTTTTTTTTTTTTTTTT BOYS3       TELAPSE      179.11 TCPU      179.08
 OMEGA =   90.35134471          ABS(OMEGA(N)-OMEGA(N-1)) =   0.13844E-03
 TTTTTTTTTTTTTTTTTTTTTTTTTTTTTT BOYS1       TELAPSE      184.70 TCPU      184.67

 ATOMIC DELOCALISATION INDEX (AFTER  BOYS)     1.026709563    
 NORM        75.9999998142   (ERR PER WF    0.24E-08)
 TTTTTTTTTTTTTTTTTTTTTTTTTTTTTT WANTST      TELAPSE      184.70 TCPU      184.67

 *******************************************************************************
 FINAL RESULTS 

 WANNIER F LOCALIZATION - CONVERGENCE ACHIEVED     0.3655E-06
 TTTTTTTTTTTTTTTTTTTTTTTTTTTTTT BOYS1       TELAPSE      255.98 TCPU      255.95

 WANNIER ATOMIC POPULATIONS LARGER THAN   0.10E-01 ARE GIVEN
 DATA ARE AS FOLLOWS: ATOM, CELL INDICES AND ATOMIC POPULATION

~~~~~~~~~~~~~~~~~~~~~~~~~~~~~~~~~~~~~~~~~~~~~~~~~~~~~~~~~~~~~~~~~~~~~~~~~~~~~~~~
 WANNIER NUMBER    1 ATOMIC EXTENT  0.9937
 CENTROID'S COORDINATES R0:   -0.39096E+01   -0.30450E+01   -0.17506E+01
 EXPECTATION VALUE OF (R-R0)**2:  0.57239E+00
 SECOND ORDER TENSOR IN CARTESIAN AXES:
         X             Y             Z
 X  0.13849E+00 -0.14533E-01 -0.11376E-01
 Y -0.14533E-01  0.23497E+00  0.52385E-01
 Z -0.11376E-01  0.52385E-01  0.19893E+00
 TENSOR EIGENVALUES:
 A  0.13597E+00  B  0.27484E+00  C  0.16158E+00
 PRINCIPAL AXES:
         X             Y             Z
 A  0.99048E+00  0.90559E-01  0.10364E+00
 B -0.13401E+00  0.80614E+00  0.57635E+00
 C -0.31351E-01 -0.58476E+00  0.81060E+00
 NON BONDING WANNIER FUNCTION
 DISTANCE CENTROID-ATOM    3(  0  0  0) :   0.49013E+00
 ATOMIC POPULATION DATA:
  3 ZN(  0  0  0)  1.0031
 A.O. POPULATIONS OF ATOM    3(  0  0  0):
  -0.0001  -0.0044   0.0720   0.0508   0.0014  -0.0005   0.0001   0.0003
   0.0000  -0.0002  -0.0068  -0.0035   0.0062   0.1897   0.0954   0.0016
   0.0473   0.0233   0.0022   0.0031   0.2156   0.0629   0.0092   0.0014
   0.0019   0.1275   0.0375   0.0055   0.0006   0.0007   0.0463   0.0142
   0.0022
~~~~~~~~~~~~~~~~~~~~~~~~~~~~~~~~~~~~~~~~~~~~~~~~~~~~~~~~~~~~~~~~~~~~~~~~~~~~~~~~
 WANNIER NUMBER    2 ATOMIC EXTENT  0.9980
 CENTROID'S COORDINATES R0:   -0.38228E+01    0.27098E+01    0.45307E+01
 EXPECTATION VALUE OF (R-R0)**2:  0.59503E+00
 SECOND ORDER TENSOR IN CARTESIAN AXES:
         X             Y             Z
 X  0.16442E+00 -0.91849E-02  0.39077E-01
 Y -0.91849E-02  0.16564E+00  0.18191E-01
 Z  0.39077E-01  0.18191E-01  0.26497E+00
 TENSOR EIGENVALUES:
 A  0.14159E+00  B  0.17328E+00  C  0.28017E+00
 PRINCIPAL AXES:
         X             Y             Z
 A  0.77490E+00  0.54193E+00 -0.32532E+00
 B -0.55172E+00  0.83106E+00  0.70245E-01
 C  0.30843E+00  0.12505E+00  0.94299E+00
 NON BONDING WANNIER FUNCTION
 DISTANCE CENTROID-ATOM    4(  0  0  0) :   0.48818E+00
 ATOMIC POPULATION DATA:
  4 ZN(  0  0  0)  1.0010
 A.O. POPULATIONS OF ATOM    4(  0  0  0):
  -0.0001  -0.0044   0.0719   0.0506   0.0013  -0.0009   0.0001  -0.0000
   0.0004  -0.0009  -0.0001  -0.0093   0.0250   0.0039   0.2581   0.0062
   0.0010   0.0642   0.2021   0.0671   0.0084   0.0027   0.0108   0.1210
   0.0403   0.0050   0.0017   0.0065   0.0472   0.0161   0.0018   0.0008
   0.0026
~~~~~~~~~~~~~~~~~~~~~~~~~~~~~~~~~~~~~~~~~~~~~~~~~~~~~~~~~~~~~~~~~~~~~~~~~~~~~~~~
 WANNIER NUMBER    3 ATOMIC EXTENT  0.9988
 CENTROID'S COORDINATES R0:   -0.38802E+01   -0.21680E+01   -0.14905E+01
 EXPECTATION VALUE OF (R-R0)**2:  0.59691E+00
 SECOND ORDER TENSOR IN CARTESIAN AXES:
         X             Y             Z
 X  0.15813E+00  0.23252E-01 -0.15030E-01
 Y  0.23252E-01  0.27687E+00 -0.33217E-02
 Z -0.15030E-01 -0.33217E-02  0.16192E+00
 TENSOR EIGENVALUES:
 A  0.14300E+00  B  0.28157E+00  C  0.17235E+00
 PRINCIPAL AXES:
         X             Y             Z
 A  0.78751E+00 -0.12180E+00  0.60415E+00
 B  0.19088E+00  0.98028E+00 -0.51194E-01
 C -0.58600E+00  0.15564E+00  0.79523E+00
 NON BONDING WANNIER FUNCTION
 DISTANCE CENTROID-ATOM    3(  0  0  0) :   0.48918E+00
 ATOMIC POPULATION DATA:
  3 ZN(  0  0  0)  1.0006
 A.O. POPULATIONS OF ATOM    3(  0  0  0):
  -0.0001  -0.0043   0.0709   0.0502   0.0013  -0.0006  -0.0000   0.0006
   0.0000  -0.0003  -0.0099  -0.0000   0.0093   0.2752   0.0008   0.0023
   0.0689   0.0002   0.0698   0.0043   0.0025   0.1839   0.0317   0.0421
   0.0026   0.0015   0.1099   0.0191   0.0175   0.0010   0.0005   0.0419
   0.0075
~~~~~~~~~~~~~~~~~~~~~~~~~~~~~~~~~~~~~~~~~~~~~~~~~~~~~~~~~~~~~~~~~~~~~~~~~~~~~~~~
 WANNIER NUMBER    4 ATOMIC EXTENT  1.0000
 CENTROID'S COORDINATES R0:   -0.39739E+01    0.26477E+01    0.40706E+01
 EXPECTATION VALUE OF (R-R0)**2:  0.45789E-02
 SECOND ORDER TENSOR IN CARTESIAN AXES:
         X             Y             Z
 X  0.15258E-02  0.51891E-06 -0.94448E-07
 Y  0.51891E-06  0.15264E-02 -0.53282E-06
 Z -0.94448E-07 -0.53282E-06  0.15267E-02
 TENSOR EIGENVALUES:
 A  0.15255E-02  B  0.15262E-02  C  0.15272E-02
 PRINCIPAL AXES:
         X             Y             Z
 A  0.82431E+00 -0.54166E+00 -0.16469E+00
 B  0.49732E+00  0.55377E+00  0.66785E+00
 C -0.27054E+00 -0.63242E+00  0.72585E+00
 NON BONDING WANNIER FUNCTION
 DISTANCE CENTROID-ATOM    4(  0  0  0) :   0.15550E-06
 ATOMIC POPULATION DATA:
  4 ZN(  0  0  0)  1.0000
 A.O. POPULATIONS OF ATOM    4(  0  0  0):
   1.0253  -0.0251  -0.0007   0.0005  -0.0001   0.0000   0.0000   0.0000
   0.0000   0.0000   0.0000   0.0000   0.0000   0.0000   0.0000   0.0000
   0.0000  -0.0000   0.0000   0.0000   0.0000   0.0000   0.0000  -0.0000
   0.0000   0.0000   0.0000   0.0000  -0.0000   0.0000  -0.0000  -0.0000
   0.0000
~~~~~~~~~~~~~~~~~~~~~~~~~~~~~~~~~~~~~~~~~~~~~~~~~~~~~~~~~~~~~~~~~~~~~~~~~~~~~~~~
 WANNIER NUMBER    5 ATOMIC EXTENT  1.0000
 CENTROID'S COORDINATES R0:   -0.40556E+01    0.26466E+01    0.40093E+01
 EXPECTATION VALUE OF (R-R0)**2:  0.41811E-01
 SECOND ORDER TENSOR IN CARTESIAN AXES:
         X             Y             Z
 X  0.15241E-01  0.20000E-04  0.20339E-02
 Y  0.20000E-04  0.12477E-01  0.16932E-04
 Z  0.20339E-02  0.16932E-04  0.14093E-01
 TENSOR EIGENVALUES:
 A  0.16781E-01  B  0.12477E-01  C  0.12554E-01
 PRINCIPAL AXES:
         X             Y             Z
 A  0.79734E+00  0.60794E-02  0.60350E+00
 B  0.62927E-02  0.99981E+00 -0.18385E-01
 C -0.60350E+00  0.18457E-01  0.79715E+00
 NON BONDING WANNIER FUNCTION
 DISTANCE CENTROID-ATOM    4(  0  0  0) :   0.10218E+00
 ATOMIC POPULATION DATA:
  4 ZN(  0  0  0)  1.0000
 A.O. POPULATIONS OF ATOM    4(  0  0  0):
  -0.0063   0.2658  -0.0035  -0.0063   0.0003  -0.0001  -0.0000   0.0000
  -0.0000   0.4923   0.0001   0.2781  -0.0132  -0.0000  -0.0075   0.0000
  -0.0000   0.0000   0.0000   0.0000   0.0000   0.0000   0.0000   0.0000
   0.0000   0.0000   0.0000   0.0000   0.0000   0.0000  -0.0000   0.0000
   0.0000
~~~~~~~~~~~~~~~~~~~~~~~~~~~~~~~~~~~~~~~~~~~~~~~~~~~~~~~~~~~~~~~~~~~~~~~~~~~~~~~~
 WANNIER NUMBER    6 ATOMIC EXTENT  1.0000
 CENTROID'S COORDINATES R0:   -0.40599E+01   -0.26859E+01   -0.15108E+01
 EXPECTATION VALUE OF (R-R0)**2:  0.41797E-01
 SECOND ORDER TENSOR IN CARTESIAN AXES:
         X             Y             Z
 X  0.15569E-01  0.13270E-02  0.13954E-02
 Y  0.13270E-02  0.13088E-01  0.64440E-03
 Z  0.13954E-02  0.64440E-03  0.13140E-01
 TENSOR EIGENVALUES:
 A  0.16792E-01  B  0.12537E-01  C  0.12469E-01
 PRINCIPAL AXES:
         X             Y             Z
 A  0.84423E+00  0.36995E+00  0.38784E+00
 B -0.53426E+00  0.63893E+00  0.55348E+00
 C -0.43036E-01 -0.67447E+00  0.73705E+00
 NON BONDING WANNIER FUNCTION
 DISTANCE CENTROID-ATOM    3(  0  0  0) :   0.10217E+00
 ATOMIC POPULATION DATA:
  3 ZN(  0  0  0)  1.0000
 A.O. POPULATIONS OF ATOM    3(  0  0  0):
  -0.0063   0.2658  -0.0035  -0.0063   0.0004  -0.0001  -0.0000  -0.0000
  -0.0000   0.5454   0.1080   0.1171  -0.0146  -0.0029  -0.0031   0.0001
   0.0000   0.0000   0.0000   0.0000   0.0000   0.0000   0.0000   0.0000
   0.0000   0.0000   0.0000   0.0000   0.0000   0.0000   0.0000   0.0000
   0.0000
~~~~~~~~~~~~~~~~~~~~~~~~~~~~~~~~~~~~~~~~~~~~~~~~~~~~~~~~~~~~~~~~~~~~~~~~~~~~~~~~
 WANNIER NUMBER    7 ATOMIC EXTENT  0.9987
 CENTROID'S COORDINATES R0:   -0.38566E+01    0.31216E+01    0.40973E+01
 EXPECTATION VALUE OF (R-R0)**2:  0.59501E+00
 SECOND ORDER TENSOR IN CARTESIAN AXES:
         X             Y             Z
 X  0.15618E+00  0.32008E-01 -0.11840E-01
 Y  0.32008E-01  0.27429E+00  0.93871E-02
 Z -0.11840E-01  0.93871E-02  0.16454E+00
 TENSOR EIGENVALUES:
 A  0.14018E+00  B  0.28273E+00  C  0.17210E+00
 PRINCIPAL AXES:
         X             Y             Z
 A  0.83585E+00 -0.23424E+00  0.49647E+00
 B  0.24020E+00  0.96928E+00  0.52919E-01
 C -0.49361E+00  0.75020E-01  0.86644E+00
 NON BONDING WANNIER FUNCTION
 DISTANCE CENTROID-ATOM    4(  0  0  0) :   0.48896E+00
 ATOMIC POPULATION DATA:
  4 ZN(  0  0  0)  1.0006
 A.O. POPULATIONS OF ATOM    4(  0  0  0):
  -0.0001  -0.0043   0.0711   0.0502   0.0014  -0.0004   0.0001   0.0004
  -0.0000  -0.0005  -0.0096  -0.0000   0.0142   0.2717   0.0005   0.0036
   0.0677   0.0001   0.0829   0.0063   0.0011   0.1576   0.0432   0.0500
   0.0038   0.0007   0.0942   0.0260   0.0206   0.0015   0.0002   0.0363
   0.0103
~~~~~~~~~~~~~~~~~~~~~~~~~~~~~~~~~~~~~~~~~~~~~~~~~~~~~~~~~~~~~~~~~~~~~~~~~~~~~~~~
 WANNIER NUMBER    8 ATOMIC EXTENT  1.0000
 CENTROID'S COORDINATES R0:   -0.39739E+01   -0.26477E+01   -0.14710E+01
 EXPECTATION VALUE OF (R-R0)**2:  0.45789E-02
 SECOND ORDER TENSOR IN CARTESIAN AXES:
         X             Y             Z
 X  0.15259E-02 -0.88841E-06 -0.85984E-07
 Y -0.88841E-06  0.15265E-02  0.16629E-06
 Z -0.85984E-07  0.16629E-06  0.15264E-02
 TENSOR EIGENVALUES:
 A  0.15253E-02  B  0.15272E-02  C  0.15264E-02
 PRINCIPAL AXES:
         X             Y             Z
 A  0.81110E+00  0.58445E+00 -0.23154E-01
 B -0.56515E+00  0.79328E+00  0.22653E+00
 C  0.15076E+00 -0.17065E+00  0.97373E+00
 NON BONDING WANNIER FUNCTION
 DISTANCE CENTROID-ATOM    3(  0  0  0) :   0.15231E-06
 ATOMIC POPULATION DATA:
  3 ZN(  0  0  0)  1.0000
 A.O. POPULATIONS OF ATOM    3(  0  0  0):
   1.0253  -0.0251  -0.0007   0.0005  -0.0001   0.0000   0.0000   0.0000
   0.0000   0.0000   0.0000   0.0000   0.0000   0.0000   0.0000   0.0000
   0.0000   0.0000   0.0000   0.0000   0.0000   0.0000   0.0000   0.0000
   0.0000   0.0000  -0.0000   0.0000  -0.0000   0.0000   0.0000  -0.0000
   0.0000
~~~~~~~~~~~~~~~~~~~~~~~~~~~~~~~~~~~~~~~~~~~~~~~~~~~~~~~~~~~~~~~~~~~~~~~~~~~~~~~~
 WANNIER NUMBER    9 ATOMIC EXTENT  1.0000
 CENTROID'S COORDINATES R0:   -0.39887E+01   -0.26265E+01   -0.13721E+01
 EXPECTATION VALUE OF (R-R0)**2:  0.41858E-01
 SECOND ORDER TENSOR IN CARTESIAN AXES:
         X             Y             Z
 X  0.12581E-01 -0.16614E-03 -0.60958E-03
 Y -0.16614E-03  0.12707E-01  0.85692E-03
 Z -0.60958E-03  0.85692E-03  0.16570E-01
 TENSOR EIGENVALUES:
 A  0.12466E-01  B  0.12547E-01  C  0.16845E-01
 PRINCIPAL AXES:
         X             Y             Z
 A  0.84702E+00  0.53136E+00  0.14862E-01
 B -0.51102E+00  0.82167E+00 -0.25242E+00
 C -0.14634E+00  0.20621E+00  0.96750E+00
 NON BONDING WANNIER FUNCTION
 DISTANCE CENTROID-ATOM    3(  0  0  0) :   0.10215E+00
 ATOMIC POPULATION DATA:
  3 ZN(  0  0  0)  1.0000
 A.O. POPULATIONS OF ATOM    3(  0  0  0):
  -0.0063   0.2657  -0.0035  -0.0063   0.0003  -0.0001  -0.0000  -0.0000
  -0.0000   0.0161   0.0333   0.7213  -0.0004  -0.0009  -0.0195   0.0000
   0.0000   0.0001   0.0000   0.0000   0.0000   0.0000   0.0000   0.0000
   0.0000   0.0000   0.0000   0.0000   0.0000   0.0000   0.0000   0.0000
   0.0000
~~~~~~~~~~~~~~~~~~~~~~~~~~~~~~~~~~~~~~~~~~~~~~~~~~~~~~~~~~~~~~~~~~~~~~~~~~~~~~~~
 WANNIER NUMBER   10 ATOMIC EXTENT  1.0000
 CENTROID'S COORDINATES R0:   -0.38982E+01    0.25943E+01    0.40276E+01
 EXPECTATION VALUE OF (R-R0)**2:  0.41866E-01
 SECOND ORDER TENSOR IN CARTESIAN AXES:
         X             Y             Z
 X  0.14889E-01 -0.16820E-02 -0.13622E-02
 Y -0.16820E-02  0.13686E-01  0.95154E-03
 Z -0.13622E-02  0.95154E-03  0.13290E-01
 TENSOR EIGENVALUES:
 A  0.16850E-01  B  0.12499E-01  C  0.12517E-01
 PRINCIPAL AXES:
         X             Y             Z
 A  0.74112E+00 -0.52133E+00 -0.42303E+00
 B  0.66132E+00  0.67550E+00  0.32612E+00
 C  0.11574E+00 -0.52145E+00  0.84539E+00
 NON BONDING WANNIER FUNCTION
 DISTANCE CENTROID-ATOM    4(  0  0  0) :   0.10215E+00
 ATOMIC POPULATION DATA:
  4 ZN(  0  0  0)  1.0000
 A.O. POPULATIONS OF ATOM    4(  0  0  0):
  -0.0063   0.2657  -0.0035  -0.0062   0.0003  -0.0001  -0.0000  -0.0000
  -0.0000   0.4232   0.2104   0.1371  -0.0114  -0.0057  -0.0037   0.0001
   0.0000   0.0000   0.0000   0.0000   0.0000   0.0000   0.0000   0.0000
   0.0000   0.0000   0.0000   0.0000   0.0000   0.0000   0.0000   0.0000
   0.0000
~~~~~~~~~~~~~~~~~~~~~~~~~~~~~~~~~~~~~~~~~~~~~~~~~~~~~~~~~~~~~~~~~~~~~~~~~~~~~~~~
 WANNIER NUMBER   11 ATOMIC EXTENT  1.0000
 CENTROID'S COORDINATES R0:   -0.77758E-05    0.13769E+02   -0.42418E+01
 EXPECTATION VALUE OF (R-R0)**2:  0.45500E-01
 SECOND ORDER TENSOR IN CARTESIAN AXES:
         X             Y             Z
 X  0.15066E-01  0.11818E-04 -0.78875E-05
 Y  0.11818E-04  0.15223E-01 -0.13955E-03
 Z -0.78875E-05 -0.13955E-03  0.15210E-01
 TENSOR EIGENVALUES:
 A  0.15065E-01  B  0.15357E-01  C  0.15077E-01
 PRINCIPAL AXES:
         X             Y             Z
 A  0.97698E+00 -0.17775E+00 -0.11797E+00
 B  0.48130E-01  0.72238E+00 -0.68982E+00
 C  0.20784E+00  0.66826E+00  0.71430E+00
 NON BONDING WANNIER FUNCTION
 DISTANCE CENTROID-ATOM   11(  0  0  0) :   0.49967E-04
 ATOMIC POPULATION DATA:
 11 F (  0  0  0)  1.0000
 A.O. POPULATIONS OF ATOM   11(  0  0  0):
   0.3814   0.6289   0.0029  -0.0117  -0.0016   0.0000   0.0000   0.0000
   0.0000   0.0000   0.0000   0.0000   0.0000   0.0000   0.0000   0.0000
   0.0000   0.0000   0.0000
~~~~~~~~~~~~~~~~~~~~~~~~~~~~~~~~~~~~~~~~~~~~~~~~~~~~~~~~~~~~~~~~~~~~~~~~~~~~~~~~
 WANNIER NUMBER   12 ATOMIC EXTENT  1.0000
 CENTROID'S COORDINATES R0:   -0.10185E-04    0.13769E+02    0.12998E+01
 EXPECTATION VALUE OF (R-R0)**2:  0.45468E-01
 SECOND ORDER TENSOR IN CARTESIAN AXES:
         X             Y             Z
 X  0.15064E-01 -0.26655E-05  0.16330E-04
 Y -0.26655E-05  0.15179E-01  0.10655E-03
 Z  0.16330E-04  0.10655E-03  0.15226E-01
 TENSOR EIGENVALUES:
 A  0.15059E-01  B  0.15098E-01  C  0.15312E-01
 PRINCIPAL AXES:
         X             Y             Z
 A  0.94063E+00  0.23671E+00 -0.24327E+00
 B -0.33648E+00  0.74453E+00 -0.57658E+00
 C  0.44636E-01  0.62421E+00  0.77998E+00
 NON BONDING WANNIER FUNCTION
 DISTANCE CENTROID-ATOM   12(  0  0  0) :   0.34002E-04
 ATOMIC POPULATION DATA:
 12 F (  0  0  0)  1.0000
 A.O. POPULATIONS OF ATOM   12(  0  0  0):
   0.3814   0.6289   0.0029  -0.0117  -0.0016   0.0000   0.0000   0.0000
   0.0000   0.0000   0.0000   0.0000   0.0000   0.0000   0.0000   0.0000
   0.0000   0.0000   0.0000
~~~~~~~~~~~~~~~~~~~~~~~~~~~~~~~~~~~~~~~~~~~~~~~~~~~~~~~~~~~~~~~~~~~~~~~~~~~~~~~~
 WANNIER NUMBER   13 ATOMIC EXTENT  1.0000
 CENTROID'S COORDINATES R0:   -0.24482E-04   -0.22856E+01   -0.14710E+01
 EXPECTATION VALUE OF (R-R0)**2:  0.45422E-01
 SECOND ORDER TENSOR IN CARTESIAN AXES:
         X             Y             Z
 X  0.15277E-01 -0.12123E-04  0.14368E-05
 Y -0.12123E-04  0.15072E-01 -0.54427E-06
 Z  0.14368E-05 -0.54427E-06  0.15073E-01
 TENSOR EIGENVALUES:
 A  0.15277E-01  B  0.15071E-01  C  0.15073E-01
 PRINCIPAL AXES:
         X             Y             Z
 A  0.99823E+00 -0.59047E-01  0.71753E-02
 B  0.54072E-01  0.95108E+00  0.30416E+00
 C -0.24784E-01 -0.30324E+00  0.95259E+00
 NON BONDING WANNIER FUNCTION
 DISTANCE CENTROID-ATOM   10(  0  0  0) :   0.44599E-04
 ATOMIC POPULATION DATA:
 10 F (  0  0  0)  1.0000
 A.O. POPULATIONS OF ATOM   10(  0  0  0):
   0.3815   0.6290   0.0028  -0.0117  -0.0016   0.0000   0.0000   0.0000
   0.0000   0.0000   0.0000   0.0000   0.0000   0.0000   0.0000   0.0000
   0.0000   0.0000   0.0000
~~~~~~~~~~~~~~~~~~~~~~~~~~~~~~~~~~~~~~~~~~~~~~~~~~~~~~~~~~~~~~~~~~~~~~~~~~~~~~~~
 WANNIER NUMBER   14 ATOMIC EXTENT  1.0000
 CENTROID'S COORDINATES R0:   -0.13117E-04    0.22856E+01    0.40706E+01
 EXPECTATION VALUE OF (R-R0)**2:  0.45429E-01
 SECOND ORDER TENSOR IN CARTESIAN AXES:
         X             Y             Z
 X  0.15264E-01  0.68383E-05 -0.81557E-05
 Y  0.68383E-05  0.15073E-01 -0.91889E-05
 Z -0.81557E-05 -0.91889E-05  0.15092E-01
 TENSOR EIGENVALUES:
 A  0.15264E-01  B  0.15070E-01  C  0.15095E-01
 PRINCIPAL AXES:
         X             Y             Z
 A  0.99806E+00  0.38167E-01 -0.49288E-01
 B -0.16860E-01  0.92646E+00  0.37601E+00
 C  0.60014E-01 -0.37445E+00  0.92530E+00
 NON BONDING WANNIER FUNCTION
 DISTANCE CENTROID-ATOM    9(  0  0  0) :   0.40953E-04
 ATOMIC POPULATION DATA:
  9 F (  0  0  0)  1.0000
 A.O. POPULATIONS OF ATOM    9(  0  0  0):
   0.3815   0.6290   0.0028  -0.0117  -0.0016   0.0000   0.0000   0.0000
   0.0000   0.0000   0.0000   0.0000   0.0000   0.0000   0.0000   0.0000
   0.0000   0.0000   0.0000
~~~~~~~~~~~~~~~~~~~~~~~~~~~~~~~~~~~~~~~~~~~~~~~~~~~~~~~~~~~~~~~~~~~~~~~~~~~~~~~~
 WANNIER NUMBER   15 ATOMIC EXTENT  1.0000
 CENTROID'S COORDINATES R0:   -0.39739E+01   -0.52427E+01   -0.42403E+01
 EXPECTATION VALUE OF (R-R0)**2:  0.45385E-01
 SECOND ORDER TENSOR IN CARTESIAN AXES:
         X             Y             Z
 X  0.15118E-01  0.47318E-06  0.42361E-06
 Y  0.47318E-06  0.15122E-01  0.62951E-05
 Z  0.42361E-06  0.62951E-05  0.15146E-01
 TENSOR EIGENVALUES:
 A  0.15118E-01  B  0.15120E-01  C  0.15147E-01
 PRINCIPAL AXES:
         X             Y             Z
 A  0.98659E+00 -0.16179E+00  0.21668E-01
 B  0.16224E+00  0.95733E+00 -0.23914E+00
 C  0.17947E-01  0.23945E+00  0.97074E+00
 NON BONDING WANNIER FUNCTION
 DISTANCE CENTROID-ATOM    5(  0  0  0) :   0.10377E-03
 ATOMIC POPULATION DATA:
  5 F (  0  0  0)  1.0000
 A.O. POPULATIONS OF ATOM    5(  0  0  0):
   0.3815   0.6290   0.0028  -0.0117  -0.0017   0.0000   0.0000   0.0000
   0.0000   0.0000   0.0000   0.0000   0.0000   0.0000   0.0000   0.0000
  -0.0000   0.0000  -0.0000
~~~~~~~~~~~~~~~~~~~~~~~~~~~~~~~~~~~~~~~~~~~~~~~~~~~~~~~~~~~~~~~~~~~~~~~~~~~~~~~~
 WANNIER NUMBER   16 ATOMIC EXTENT  1.0000
 CENTROID'S COORDINATES R0:   -0.39739E+01    0.52427E+01    0.13013E+01
 EXPECTATION VALUE OF (R-R0)**2:  0.45388E-01
 SECOND ORDER TENSOR IN CARTESIAN AXES:
         X             Y             Z
 X  0.15121E-01 -0.17795E-05 -0.14745E-05
 Y -0.17795E-05  0.15123E-01 -0.56806E-05
 Z -0.14745E-05 -0.56806E-05  0.15145E-01
 TENSOR EIGENVALUES:
 A  0.15119E-01  B  0.15123E-01  C  0.15146E-01
 PRINCIPAL AXES:
         X             Y             Z
 A  0.76012E+00  0.62477E+00  0.17855E+00
 B -0.64856E+00  0.74633E+00  0.14953E+00
 C -0.39835E-01 -0.22946E+00  0.97250E+00
 NON BONDING WANNIER FUNCTION
 DISTANCE CENTROID-ATOM    6(  0  0  0) :   0.10405E-03
 ATOMIC POPULATION DATA:
  6 F (  0  0  0)  1.0000
 A.O. POPULATIONS OF ATOM    6(  0  0  0):
   0.3815   0.6290   0.0028  -0.0117  -0.0017   0.0000   0.0000   0.0000
   0.0000   0.0000   0.0000   0.0000   0.0000   0.0000   0.0000   0.0000
  -0.0000   0.0000   0.0000
~~~~~~~~~~~~~~~~~~~~~~~~~~~~~~~~~~~~~~~~~~~~~~~~~~~~~~~~~~~~~~~~~~~~~~~~~~~~~~~~
 WANNIER NUMBER   17 ATOMIC EXTENT  1.0000
 CENTROID'S COORDINATES R0:   -0.39739E+01   -0.52427E+01    0.12985E+01
 EXPECTATION VALUE OF (R-R0)**2:  0.45389E-01
 SECOND ORDER TENSOR IN CARTESIAN AXES:
         X             Y             Z
 X  0.15121E-01  0.17731E-05  0.13539E-05
 Y  0.17731E-05  0.15122E-01 -0.55874E-05
 Z  0.13539E-05 -0.55874E-05  0.15146E-01
 TENSOR EIGENVALUES:
 A  0.15119E-01  B  0.15123E-01  C  0.15148E-01
 PRINCIPAL AXES:
         X             Y             Z
 A  0.73073E+00 -0.66144E+00 -0.16893E+00
 B  0.68177E+00  0.71977E+00  0.13083E+00
 C  0.35054E-01 -0.21078E+00  0.97691E+00
 NON BONDING WANNIER FUNCTION
 DISTANCE CENTROID-ATOM    7(  0  0  0) :   0.10387E-03
 ATOMIC POPULATION DATA:
  7 F (  0  0  0)  1.0000
 A.O. POPULATIONS OF ATOM    7(  0  0  0):
   0.3815   0.6290   0.0028  -0.0117  -0.0017   0.0000   0.0000   0.0000
   0.0000   0.0000   0.0000   0.0000   0.0000   0.0000   0.0000   0.0000
  -0.0000   0.0000   0.0000
~~~~~~~~~~~~~~~~~~~~~~~~~~~~~~~~~~~~~~~~~~~~~~~~~~~~~~~~~~~~~~~~~~~~~~~~~~~~~~~~
 WANNIER NUMBER   18 ATOMIC EXTENT  1.0000
 CENTROID'S COORDINATES R0:   -0.39739E+01    0.52427E+01   -0.42431E+01
 EXPECTATION VALUE OF (R-R0)**2:  0.45386E-01
 SECOND ORDER TENSOR IN CARTESIAN AXES:
         X             Y             Z
 X  0.15121E-01 -0.12792E-05  0.19561E-05
 Y -0.12792E-05  0.15121E-01  0.35667E-05
 Z  0.19561E-05  0.35667E-05  0.15144E-01
 TENSOR EIGENVALUES:
 A  0.15119E-01  B  0.15122E-01  C  0.15144E-01
 PRINCIPAL AXES:
         X             Y             Z
 A  0.68566E+00  0.71058E+00 -0.15795E+00
 B -0.72413E+00  0.68797E+00 -0.48405E-01
 C  0.74271E-01  0.14757E+00  0.98626E+00
 NON BONDING WANNIER FUNCTION
 DISTANCE CENTROID-ATOM    8(  0  0  0) :   0.10465E-03
 ATOMIC POPULATION DATA:
  8 F (  0  0  0)  1.0000
 A.O. POPULATIONS OF ATOM    8(  0  0  0):
   0.3815   0.6290   0.0028  -0.0117  -0.0017   0.0000   0.0000   0.0000
   0.0000   0.0000   0.0000   0.0000   0.0000   0.0000   0.0000   0.0000
   0.0000   0.0000   0.0000
~~~~~~~~~~~~~~~~~~~~~~~~~~~~~~~~~~~~~~~~~~~~~~~~~~~~~~~~~~~~~~~~~~~~~~~~~~~~~~~~
 WANNIER NUMBER   19 ATOMIC EXTENT  1.0000
 CENTROID'S COORDINATES R0:   -0.38987E+01   -0.27161E+01   -0.14802E+01
 EXPECTATION VALUE OF (R-R0)**2:  0.41906E-01
 SECOND ORDER TENSOR IN CARTESIAN AXES:
         X             Y             Z
 X  0.14874E-01 -0.21508E-02 -0.28684E-03
 Y -0.21508E-02  0.14473E-01  0.24789E-03
 Z -0.28684E-03  0.24789E-03  0.12559E-01
 TENSOR EIGENVALUES:
 A  0.16867E-01  B  0.12508E-01  C  0.12531E-01
 PRINCIPAL AXES:
         X             Y             Z
 A  0.73644E+00 -0.67080E+00 -0.87633E-01
 B  0.61930E+00  0.61635E+00  0.48640E+00
 C -0.27227E+00 -0.41248E+00  0.86933E+00
 NON BONDING WANNIER FUNCTION
 DISTANCE CENTROID-ATOM    3(  0  0  0) :   0.10215E+00
 ATOMIC POPULATION DATA:
  3 ZN(  0  0  0)  1.0000
 A.O. POPULATIONS OF ATOM    3(  0  0  0):
  -0.0063   0.2659  -0.0035  -0.0063   0.0004  -0.0001  -0.0000  -0.0000
  -0.0000   0.4181   0.3462   0.0063  -0.0113  -0.0094  -0.0002   0.0001
   0.0001   0.0000   0.0000   0.0000   0.0000   0.0000   0.0000   0.0000
   0.0000   0.0000   0.0000   0.0000   0.0000   0.0000   0.0000   0.0000
   0.0000
~~~~~~~~~~~~~~~~~~~~~~~~~~~~~~~~~~~~~~~~~~~~~~~~~~~~~~~~~~~~~~~~~~~~~~~~~~~~~~~~
 WANNIER NUMBER   20 ATOMIC EXTENT  1.0000
 CENTROID'S COORDINATES R0:   -0.39435E+01    0.27441E+01    0.40852E+01
 EXPECTATION VALUE OF (R-R0)**2:  0.41865E-01
 SECOND ORDER TENSOR IN CARTESIAN AXES:
         X             Y             Z
 X  0.12863E-01  0.12000E-02  0.14091E-03
 Y  0.12000E-02  0.16358E-01  0.57178E-03
 Z  0.14091E-03  0.57178E-03  0.12644E-01
 TENSOR EIGENVALUES:
 A  0.12477E-01  B  0.16813E-01  C  0.12575E-01
 PRINCIPAL AXES:
         X             Y             Z
 A  0.86916E+00 -0.32380E+00  0.37378E+00
 B  0.29239E+00  0.94605E+00  0.13964E+00
 C -0.39883E+00 -0.12086E-01  0.91695E+00
 NON BONDING WANNIER FUNCTION
 DISTANCE CENTROID-ATOM    4(  0  0  0) :   0.10217E+00
 ATOMIC POPULATION DATA:
  4 ZN(  0  0  0)  1.0000
 A.O. POPULATIONS OF ATOM    4(  0  0  0):
  -0.0063   0.2658  -0.0034  -0.0063   0.0004  -0.0001  -0.0000  -0.0000
  -0.0000   0.0680   0.6868   0.0157  -0.0018  -0.0185  -0.0004   0.0000
   0.0001   0.0000   0.0000   0.0000   0.0000   0.0000   0.0000   0.0000
   0.0000   0.0000   0.0000   0.0000   0.0000   0.0000   0.0000   0.0000
   0.0000
~~~~~~~~~~~~~~~~~~~~~~~~~~~~~~~~~~~~~~~~~~~~~~~~~~~~~~~~~~~~~~~~~~~~~~~~~~~~~~~~
 WANNIER NUMBER   21 ATOMIC EXTENT  0.9994
 CENTROID'S COORDINATES R0:   -0.43357E+01   -0.24047E+01   -0.13240E+01
 EXPECTATION VALUE OF (R-R0)**2:  0.65126E+00
 SECOND ORDER TENSOR IN CARTESIAN AXES:
         X             Y             Z
 X  0.27367E+00 -0.58738E-01 -0.32274E-01
 Y -0.58738E-01  0.20728E+00  0.45017E-01
 Z -0.32274E-01  0.45017E-01  0.17031E+00
 TENSOR EIGENVALUES:
 A  0.32486E+00  B  0.18667E+00  C  0.13974E+00
 PRINCIPAL AXES:
         X             Y             Z
 A  0.79442E+00 -0.51818E+00 -0.31684E+00
 B  0.60371E+00  0.61648E+00  0.50546E+00
 C -0.66591E-01 -0.59283E+00  0.80257E+00
 NON BONDING WANNIER FUNCTION
 DISTANCE CENTROID-ATOM    3(  0  0  0) :   0.45991E+00
 ATOMIC POPULATION DATA:
  3 ZN(  0  0  0)  1.0003
 A.O. POPULATIONS OF ATOM    3(  0  0  0):
  -0.0000  -0.0037   0.0582   0.0413   0.0012   0.0006  -0.0002  -0.0000
   0.0001  -0.0059  -0.0026  -0.0009   0.1562   0.0707   0.0255   0.0388
   0.0174   0.0064   0.0264   0.0771   0.0091   0.0231   0.1902   0.0157
   0.0463   0.0054   0.0137   0.1142   0.0059   0.0185   0.0019   0.0049
   0.0450
~~~~~~~~~~~~~~~~~~~~~~~~~~~~~~~~~~~~~~~~~~~~~~~~~~~~~~~~~~~~~~~~~~~~~~~~~~~~~~~~
 WANNIER NUMBER   22 ATOMIC EXTENT  0.9988
 CENTROID'S COORDINATES R0:   -0.42865E+01    0.28813E+01    0.43161E+01
 EXPECTATION VALUE OF (R-R0)**2:  0.65155E+00
 SECOND ORDER TENSOR IN CARTESIAN AXES:
         X             Y             Z
 X  0.24987E+00 -0.44507E-01 -0.49394E-01
 Y -0.44507E-01  0.19995E+00  0.59370E-01
 Z -0.49394E-01  0.59370E-01  0.20174E+00
 TENSOR EIGENVALUES:
 A  0.32169E+00  B  0.18852E+00  C  0.14134E+00
 PRINCIPAL AXES:
         X             Y             Z
 A  0.67918E+00 -0.50708E+00 -0.53064E+00
 B  0.73280E+00  0.50921E+00  0.45133E+00
 C  0.41349E-01 -0.69539E+00  0.71744E+00
 NON BONDING WANNIER FUNCTION
 DISTANCE CENTROID-ATOM    4(  0  0  0) :   0.46099E+00
 ATOMIC POPULATION DATA:
  4 ZN(  0  0  0)  1.0006
 A.O. POPULATIONS OF ATOM    4(  0  0  0):
  -0.0000  -0.0038   0.0590   0.0417   0.0012   0.0001   0.0007   0.0002
   0.0001  -0.0043  -0.0024  -0.0026   0.1134   0.0640   0.0715   0.0283
   0.0160   0.0176   0.0003   0.1418   0.0404   0.0048   0.1398   0.0002
   0.0851   0.0239   0.0028   0.0840   0.0001   0.0340   0.0087   0.0010
   0.0332
~~~~~~~~~~~~~~~~~~~~~~~~~~~~~~~~~~~~~~~~~~~~~~~~~~~~~~~~~~~~~~~~~~~~~~~~~~~~~~~~
 WANNIER NUMBER   23 ATOMIC EXTENT  1.0000
 CENTROID'S COORDINATES R0:   -0.39485E+01   -0.25622E+01   -0.15207E+01
 EXPECTATION VALUE OF (R-R0)**2:  0.41833E-01
 SECOND ORDER TENSOR IN CARTESIAN AXES:
