Date: 2025-01-24 17:00:24
Running on: AGKraus-Super-Server
Temporary directory: /scratch/sachs//CRY_3585404
Executable: /Data/Software/crystal/crystal23/bin/Linux-ifort_i64/v1.0.1_openmpi//properties
Output: /Data/Sachs/projekte/ferroelectric_fluorides/calculations/BaZnF4_oS24_SG63_PBE0_tzvp_wannier/1.prop.out
Properties input data 1.d3
NEWK
0 8
8 8 5
1 0
LOCALI
END
END
END
Creating temporary directory /scratch/sachs//CRY_3585404 on node AGKraus-Super-Server
SCF wavefunction 1.w is available as /scratch/sachs//CRY_3585404/fort.9

         
 *******************************************************************************
 *                                                                             *
 *                               CRYSTAL23                                     *
 *                      public : 1.0.1 - October 2022                          *
 *                       HTTP://WWW.CRYSTAL.UNITO.IT                           *
 *                                                                             *
 *                              MAIN AUTHORS                                   *
 *                                                                             *
 *  R. DOVESI(1,11), V.R. SAUNDERS(2), C. ROETTI(1,11), R. ORLANDO(1,11),      *
 *  C.M. ZICOVICH-WILSON(1,3), F. PASCALE(4), B. CIVALLERI(1,11),              *
 *  K. DOLL(5), N.M. HARRISON(6), I.J. BUSH(7), Ph. D'ARCO(8),                 *
 *  M. LLUNELL(9), M. CAUSA'(10), Y. NOEL(8), L. MASCHIO(1,11), A. ERBA(1,11)  *
 *  M. RE'RAT(14), S. CASASSA(1,11), B.G. SEARLE(2), J.K. DESMARAIS(1)         *
 *                                                                             *
 *        CONTRIBUTIONS TO THE CODE HAVE ALSO BEEN GIVEN BY                    *
 *                                                                             *
 *  M. FERRABONE(1,11), M. DE LA PIERRE(1,11), M. FERRERO(1,11),               *
 *  J. BAIMA(1,11), E. ALBANESE(1,11), M.F. PEINTINGER(12), R. BAST(13),       *
 *  B. KIRTMAN(15), V. LACIVITA(1,11), R. DEMICHELIS(1,16)                     *
 *  G. BRANDEBURG(17), S. SALUSTRO(1,11), G. SANSONE(1,11)                     *
 *  M.T. RUGGIERO(18), L.E. DAGA(1), L. DONA'(1), A. COSSARD(1)                *
 *                                                                             *
 * (1) THEORETICAL CHEMISTRY GROUP - UNIVERSITA' DI TORINO - TORINO (ITALY)    *
 * (2) SCIENTIFIC COMPUTING DEPARTMENT - STFC DARESBURY (UK)                   *
 * (3) UNIVERSIDAD AUTONOMA DEL ESTADO DE MORELOS - CUERNAVACA (MEXICO)        *
 * (4) UNIVERSITE' DE LORRAINE - NANCY (FRANCE)                                *
 * (5) UNIVERSITAET STUTTGART- STUTTGART (GERMANY)                             *
 * (6) IMPERIAL COLLEGE - LONDON (UK)                                          *
 * (7) SCIENTIFIC COMPUTING DEPARTMENT - STFC RAL (UK)                         *
 * (8) UPMC - SORBONNE UNIVERSITES - PARIS (FRANCE)                            *
 * (9) UNIVERSIDAD DE BARCELONA - BARCELONA (SPAIN)                            *
 *(10) UNIVERSITA' DI NAPOLI "FEDERICO II" - NAPOLI (ITALY)                    *
 *(11) NIS - NANOSTRUCTURED INTERFACES AND SURFACES - TORINO (ITALY)           *
 *(12) MPI FUER CHEMISCHE ENERGIEKONVERSION - MUELHEIM AN DER RUHR (GERMANY)   *
 *(13) UNIVERSITY OF TROMSO - TROMSO (NORWAY)                                  *
 *(14) UNIVERSITE' DE PAU ET DES PAYS DE L'ADOUR - PAU (FRANCE)                *
 *(15) UNIVERSITY OF CALIFORNIA SANTA BARBARA - SANTA BARBARA (USA)            *
 *(16) CURTIN UNIVERSITY - PERTH (AUSTRALIA)                                   *
 *(17) UNIVERSITY COLLEGE LONDON - LONDON (UK)                                 *
 *(18) UNIVERSITY OF VERMONT - BURLINGTON (USA)                                *
 *                                                                             *
 *******************************************************************************
 EEEEEEEEEE STARTING  DATE 24 01 2025 TIME 17:00:24.1
 INFORMATION **** SET_MPP **** PCRYSTAL CALCULATION

 *******************************************************************************
 Polarisation path Nr. 1.                                                        
 CRYSTAL - PROPERTIES - TYPE OF CALCULATION :  RESTRICTED CLOSED SHELL
 *******************************************************************************
 KOHN-SHAM HAMILTONIAN

 (EXCHANGE)[CORRELATION] FUNCTIONAL:(PERDEW-BURKE-ERNZERHOF)[PERDEW-BURKE-ERNZERHOF]


 HYBRID EXCHANGE - PERCENTAGE OF FOCK EXCHANGE    25.0000

 DIRECT LATTICE VECTOR COMPONENTS (ANGSTROM)
         2.10290    7.28597    0.00000
        -2.10290    7.28597    0.00000
         0.00000    0.00000    5.86498

 LATTICE PARAMETERS  (ANGSTROM AND DEGREES) - PRIMITIVE CELL
       A          B          C         ALPHA      BETA     GAMMA        VOLUME
    7.58337    7.58337    5.86498     90.0000   90.0000   32.1988     179.72270
 *******************************************************************************
 N. OF ATOMS PER CELL        12 COULOMB OVERLAP TOL          (T1) 10**   -8
 NUMBER OF SHELLS           100 COULOMB PENETRATION TOL      (T2) 10**   -8
 NUMBER OF AO               256 EXCHANGE OVERLAP TOL         (T3) 10**   -8
 N. OF ELECTRONS PER CELL   152 EXCHANGE PSEUDO OVP (F(G))   (T4) 10**   -8
 CORE ELECTRONS PER CELL     52 EXCHANGE PSEUDO OVP (P(G))   (T5) 10**  -16
 N. OF SYMMETRY OPERATORS     4 POLE ORDER IN MONO ZONE                   4
 CORE  PSEUDO POTENTIAL         TOL. ON PSEUDO              (TP) 10**- 6
 *******************************************************************************
   ATOM N.AT.  SHELL    X(A)      Y(A)      Z(A)      EXAD       N.ELECT.
 *******************************************************************************
    1  256 BA    6    -0.000     2.083    -0.778   2.732E-01       8.286
    2  256 BA    6     0.000    -2.083     2.154   2.732E-01       8.286
    3   30 ZN   12    -2.103    -1.367    -0.838   3.903E-01      28.874
    4   30 ZN   12    -2.103     1.367     2.095   3.903E-01      28.874
    5    9 F     8    -2.103    -2.807    -2.231   1.400E+00       9.731
    6    9 F     8    -2.103     2.807     0.701   1.400E+00       9.731
    7    9 F     8    -2.103    -2.690     0.660   1.400E+00       9.731
    8    9 F     8    -2.103     2.690    -2.273   1.400E+00       9.731
    9    9 F     8    -0.000     1.186     2.072   1.400E+00       9.696
   10    9 F     8     0.000    -1.186    -0.860   1.400E+00       9.696
   11    9 F     8    -2.103    -0.114    -2.422   1.400E+00       9.683
   12    9 F     8    -2.103     0.114     0.511   1.400E+00       9.683
 *******************************************************************************
 DE(K)                   0.000E+00  ENERGY LEVEL SHIFTING        0.00000
 TOTAL ENERGY -4.4084043017584E+03  CONVERGENCE ON ENER       -1.561E-08
 KIN. ENERGY   4.3658981676233E+03  VIR. COEFF.           1.01556978E+00
 N. OF SCF CYCLES               10  FERMI ENERGY              -0.246E+00
 WEIGHT OF F(I) IN F(I+1)      80
 SHRINK. FACT.(MONKH.)     8  8  5  SHRINKING FACTOR(GILAT NET)        8
 NUMBER OF K POINTS IN THE IBZ  63  CELL VOLUME (A.U.)       1212.828899
 *******************************************************************************

 GCALCO - MAX INDICES DIRECT LATTICE VECTOR    16    16    11
 NO.OF VECTORS CREATED 6999 STARS 1033 RMAX   126.66320 BOHR
 TTTTTTTTTTTTTTTTTTTTTTTTTTTTTT gordsh1     TELAPSE        0.05 TCPU        0.05

 MATRIX SIZE: P(G)  375280, F(G)   64752, P(G) IRR   59936, F(G) IRR   22325
 MAX G-VECTOR INDEX FOR 1- AND 2-ELECTRON INTEGRALS 101


 CAPPA:IS1  8;IS2  8;IS3  5; K PTS MONK NET  63; SYMMOPS:K SPACE   8;G SPACE   4


 CAPPA:IS1  8;IS2  8;IS3  5; K PTS MONK NET  63; SYMMOPS:K SPACE   8;G SPACE   4

 *******************************************************************************
 RESTART WITH NEW K POINTS NET
 *******************************************************************************
 POINTS IN THE IBZ                  63 POINTS(GILAT NET)                63
 SHRINK FACTORS(MONK.)         8  8  5 SHRINK FACTOR(GILAT)              8
 *******************************************************************************
 *** K POINTS COORDINATES (OBLIQUE COORDINATES IN UNITS OF IS =  8)
   1-R(  0  0  0)   2-C(  1  0  0)   3-C(  2  0  0)   4-C(  3  0  0)
   5-R(  4  0  0)   6-C(  1  1  0)   7-C(  2  1  0)   8-C(  3  1  0)
   9-C(  4  1  0)  10-C(  5  1  0)  11-C(  6  1  0)  12-C(  7  1  0)
  13-C(  2  2  0)  14-C(  3  2  0)  15-C(  4  2  0)  16-C(  5  2  0)
  17-C(  6  2  0)  18-C(  3  3  0)  19-C(  4  3  0)  20-C(  5  3  0)
  21-R(  4  4  0)  22-C(  0  0  1)  23-C(  1  0  1)  24-C(  2  0  1)
  25-C(  3  0  1)  26-C(  4  0  1)  27-C(  1  1  1)  28-C(  2  1  1)
  29-C(  3  1  1)  30-C(  4  1  1)  31-C(  5  1  1)  32-C(  6  1  1)
  33-C(  7  1  1)  34-C(  2  2  1)  35-C(  3  2  1)  36-C(  4  2  1)
  37-C(  5  2  1)  38-C(  6  2  1)  39-C(  3  3  1)  40-C(  4  3  1)
  41-C(  5  3  1)  42-C(  4  4  1)  43-C(  0  0  2)  44-C(  1  0  2)
  45-C(  2  0  2)  46-C(  3  0  2)  47-C(  4  0  2)  48-C(  1  1  2)
  49-C(  2  1  2)  50-C(  3  1  2)  51-C(  4  1  2)  52-C(  5  1  2)
  53-C(  6  1  2)  54-C(  7  1  2)  55-C(  2  2  2)  56-C(  3  2  2)
  57-C(  4  2  2)  58-C(  5  2  2)  59-C(  6  2  2)  60-C(  3  3  2)
  61-C(  4  3  2)  62-C(  5  3  2)  63-C(  4  4  2)

 FERMI ENERGY AND DENSITY MATRIX CALCULATION ON COMPUTED EIGENVECTORS
 DENSITY MATRIX AT SCF CYCLE ( 10+1)

 INSULATING STATE
 TOP OF VALENCE BANDS -    BAND     76; K    1; EIG -2.4625095E-01 AU
 BOTTOM OF VIRTUAL BANDS - BAND     77; K    1; EIG  5.9337370E-02 AU
 DIRECT ENERGY BAND GAP:   8.3155 eV

 CORE DENSITY MATRIX CALCULATION
 TTTTTTTTTTTTTTTTTTTTTTTTTTTTTT NEWK        TELAPSE        7.20 TCPU        7.20
 INSULATING STATE
 TOP OF VALENCE BANDS -    BAND     76; K    1; EIG -2.4625095E-01 AU
 BOTTOM OF VIRTUAL BANDS - BAND     77; K    1; EIG  5.9337370E-02 AU
 DIRECT ENERGY BAND GAP:   8.3155 eV

 LOCALISATION OF THE CRYSTALLINE ORBITALS
 ACCORDING TO A WANNIER-BOYS MIXED SCHEME

 LIST OF ACTIVE BANDS
      1     2     3     4     5     6     7     8     9    10    11    12    13
     14    15    16    17    18    19    20    21    22    23    24    25    26
     27    28    29    30    31    32    33    34    35    36    37    38    39
     40    41    42    43    44    45    46    47    48    49    50    51    52
     53    54    55    56    57    58    59    60    61    62    63    64    65
     66    67    68    69    70    71    72    73    74    75    76

 CONVERGENCE CRITERION: ABS(ADI(N) - ADI(N-1)) LT  0.1000E-04
 WHERE ADI IS THE ATOMIC DELOCALISATION INDEX AND N IS THE CYCLE NUMBER

 OMEGA IS THE SUM OF THE (X -X0)**2 EXPECTATION VALUES (MARZARI-VANDERBILT'S
 FUNCTIONAL)
 N OF CELLS IN THE MAXIMUM CYCLIC AND UNFOLDED CLUSTERS:  320  975
 N OF VERTICES IN THE UNFOLDED CLUSTER:  2
 TTTTTTTTTTTTTTTTTTTTTTTTTTTTTT SDKVDK      TELAPSE        7.67 TCPU        7.67

 *******************************************************************************
 CYCLE  1, DIPOLE MATRIX ELEMENTS EVALUATED WHEN WANNIER COEFF GT 10**-5
 AUTOMATIC INITIAL GUESS REQUESTED
 TTTTTTTTTTTTTTTTTTTTTTTTTTTTTT WAN0        TELAPSE        9.82 TCPU        9.82
 CLUSTER SIZE =  169 UNIT CELLS
 TTTTTTTTTTTTTTTTTTTTTTTTTTTTTT WANTOL      TELAPSE       10.26 TCPU       10.22
 TTTTTTTTTTTTTTTTTTTTTTTTTTTTTT BOYS1       TELAPSE       49.38 TCPU       49.34

 ATOMIC DELOCALISATION INDEX (BEFORE BOYS)     2.881512829    
 NORM        75.9999972595   (ERR PER WF    0.36E-07)
 BOYS LOCALISED FUNCTIONS AFTER   96 CYCLES (MAX = 500 TOL = 0.1E-07)

 SUM OF THE SQUARES OF THE DISTANCES BETWEEN CENTROIDS = 141212.    
 TTTTTTTTTTTTTTTTTTTTTTTTTTTTTT BOYS3       TELAPSE       49.45 TCPU       49.41
 OMEGA =   92.08266452          ABS(OMEGA(N)-OMEGA(N-1)) =   0.92083E+02
 TTTTTTTTTTTTTTTTTTTTTTTTTTTTTT BOYS1       TELAPSE       54.01 TCPU       53.97

 ATOMIC DELOCALISATION INDEX (AFTER  BOYS)     1.027110165    
 NORM        75.9999972595   (ERR PER WF    0.36E-07)
 TTTTTTTTTTTTTTTTTTTTTTTTTTTTTT WANTST      TELAPSE       54.01 TCPU       53.97

 *******************************************************************************
 CYCLE  2, DIPOLE MATRIX ELEMENTS EVALUATED WHEN WANNIER COEFF GT 10**-5
 TTTTTTTTTTTTTTTTTTTTTTTTTTTTTT WAN0        TELAPSE       56.04 TCPU       56.00
 CLUSTER SIZE =  169 UNIT CELLS
 TTTTTTTTTTTTTTTTTTTTTTTTTTTTTT WANTOL      TELAPSE       56.39 TCPU       56.35
 TTTTTTTTTTTTTTTTTTTTTTTTTTTTTT BOYS1       TELAPSE       94.82 TCPU       94.78

 ATOMIC DELOCALISATION INDEX (BEFORE BOYS)     1.025989374    
 NORM        75.9999998255   (ERR PER WF    0.23E-08)
 BOYS LOCALISED FUNCTIONS AFTER   18 CYCLES (MAX = 500 TOL = 0.1E-07)

 SUM OF THE SQUARES OF THE DISTANCES BETWEEN CENTROIDS = 141229.    
 TTTTTTTTTTTTTTTTTTTTTTTTTTTTTT BOYS3       TELAPSE       94.84 TCPU       94.79
 OMEGA =   90.05514170          ABS(OMEGA(N)-OMEGA(N-1)) =   0.20275E+01
 TTTTTTTTTTTTTTTTTTTTTTTTTTTTTT BOYS1       TELAPSE       99.23 TCPU       99.19

 ATOMIC DELOCALISATION INDEX (AFTER  BOYS)     1.026510388    
 NORM        75.9999998255   (ERR PER WF    0.23E-08)
 TTTTTTTTTTTTTTTTTTTTTTTTTTTTTT WANTST      TELAPSE       99.23 TCPU       99.19

 *******************************************************************************
 CYCLE  3, DIPOLE MATRIX ELEMENTS EVALUATED WHEN WANNIER COEFF GT 10**-5
 TTTTTTTTTTTTTTTTTTTTTTTTTTTTTT WAN0        TELAPSE      101.23 TCPU      101.19
 CLUSTER SIZE =  169 UNIT CELLS
 TTTTTTTTTTTTTTTTTTTTTTTTTTTTTT WANTOL      TELAPSE      101.59 TCPU      101.54
 TTTTTTTTTTTTTTTTTTTTTTTTTTTTTT BOYS1       TELAPSE      139.96 TCPU      139.92

 ATOMIC DELOCALISATION INDEX (BEFORE BOYS)     1.025987775    
 NORM        75.9999998232   (ERR PER WF    0.23E-08)
 BOYS LOCALISED FUNCTIONS AFTER    5 CYCLES (MAX = 500 TOL = 0.1E-07)

 SUM OF THE SQUARES OF THE DISTANCES BETWEEN CENTROIDS = 141229.    
 TTTTTTTTTTTTTTTTTTTTTTTTTTTTTT BOYS3       TELAPSE      139.96 TCPU      139.92
 OMEGA =   90.05499866          ABS(OMEGA(N)-OMEGA(N-1)) =   0.14304E-03
 TTTTTTTTTTTTTTTTTTTTTTTTTTTTTT BOYS1       TELAPSE      144.41 TCPU      144.36

 ATOMIC DELOCALISATION INDEX (AFTER  BOYS)     1.026510306    
 NORM        75.9999998232   (ERR PER WF    0.23E-08)
 TTTTTTTTTTTTTTTTTTTTTTTTTTTTTT WANTST      TELAPSE      144.41 TCPU      144.36

 *******************************************************************************
 FINAL RESULTS 

 WANNIER F LOCALIZATION - CONVERGENCE ACHIEVED     0.8134E-07
 TTTTTTTTTTTTTTTTTTTTTTTTTTTTTT BOYS1       TELAPSE      202.06 TCPU      202.01

 WANNIER ATOMIC POPULATIONS LARGER THAN   0.10E-01 ARE GIVEN
 DATA ARE AS FOLLOWS: ATOM, CELL INDICES AND ATOMIC POPULATION

~~~~~~~~~~~~~~~~~~~~~~~~~~~~~~~~~~~~~~~~~~~~~~~~~~~~~~~~~~~~~~~~~~~~~~~~~~~~~~~~
 WANNIER NUMBER    1 ATOMIC EXTENT  0.9964
 CENTROID'S COORDINATES R0:   -0.37610E+01   -0.22306E+01   -0.13156E+01
 EXPECTATION VALUE OF (R-R0)**2:  0.58298E+00
 SECOND ORDER TENSOR IN CARTESIAN AXES:
         X             Y             Z
 X  0.17270E+00  0.32921E-01  0.37813E-01
 Y  0.32921E-01  0.22340E+00  0.47099E-01
 Z  0.37813E-01  0.47099E-01  0.18688E+00
 TENSOR EIGENVALUES:
 A  0.16398E+00  B  0.27824E+00  C  0.14076E+00
 PRINCIPAL AXES:
         X             Y             Z
 A  0.56842E+00 -0.68094E+00  0.46175E+00
 B  0.42159E+00  0.72303E+00  0.54726E+00
 C -0.70651E+00 -0.11640E+00  0.69806E+00
 NON BONDING WANNIER FUNCTION
 DISTANCE CENTROID-ATOM    3(  0  0  0) :   0.49062E+00
 ATOMIC POPULATION DATA:
  3 ZN(  0  0  0)  1.0018
 A.O. POPULATIONS OF ATOM    3(  0  0  0):
  -0.0001  -0.0043   0.0710   0.0502   0.0014  -0.0003  -0.0001   0.0003
   0.0002  -0.0021  -0.0053  -0.0029   0.0578   0.1479   0.0805   0.0145
   0.0369   0.0203   0.0002   0.0266   0.1519   0.0153   0.1007   0.0001
   0.0160   0.0897   0.0091   0.0605   0.0001   0.0064   0.0320   0.0034
   0.0239
~~~~~~~~~~~~~~~~~~~~~~~~~~~~~~~~~~~~~~~~~~~~~~~~~~~~~~~~~~~~~~~~~~~~~~~~~~~~~~~~
 WANNIER NUMBER    2 ATOMIC EXTENT  0.9976
 CENTROID'S COORDINATES R0:   -0.36941E+01    0.28978E+01    0.42092E+01
 EXPECTATION VALUE OF (R-R0)**2:  0.59087E+00
 SECOND ORDER TENSOR IN CARTESIAN AXES:
         X             Y             Z
 X  0.19778E+00  0.53364E-01  0.26508E-01
 Y  0.53364E-01  0.19748E+00  0.46897E-01
 Z  0.26508E-01  0.46897E-01  0.19561E+00
 TENSOR EIGENVALUES:
 A  0.28252E+00  B  0.13804E+00  C  0.17031E+00
 PRINCIPAL AXES:
         X             Y             Z
 A  0.56589E+00  0.64103E+00  0.51850E+00
 B -0.51207E+00  0.76615E+00 -0.38833E+00
 C -0.64618E+00 -0.45755E-01  0.76181E+00
 NON BONDING WANNIER FUNCTION
 DISTANCE CENTROID-ATOM    4(  0  0  0) :   0.49022E+00
 ATOMIC POPULATION DATA:
  4 ZN(  0  0  0)  1.0012
 A.O. POPULATIONS OF ATOM    4(  0  0  0):
  -0.0001  -0.0043   0.0704   0.0498   0.0014   0.0001   0.0006   0.0002
   0.0000  -0.0035  -0.0041  -0.0028   0.0958   0.1134   0.0773   0.0240
   0.0284   0.0191   0.0091   0.1001   0.0876   0.0037   0.0920   0.0055
   0.0602   0.0518   0.0022   0.0553   0.0023   0.0240   0.0188   0.0009
   0.0219
~~~~~~~~~~~~~~~~~~~~~~~~~~~~~~~~~~~~~~~~~~~~~~~~~~~~~~~~~~~~~~~~~~~~~~~~~~~~~~~~
 WANNIER NUMBER    3 ATOMIC EXTENT  1.0000
 CENTROID'S COORDINATES R0:   -0.38985E+01    0.25450E+01    0.40163E+01
 EXPECTATION VALUE OF (R-R0)**2:  0.41850E-01
 SECOND ORDER TENSOR IN CARTESIAN AXES:
         X             Y             Z
 X  0.14907E-01 -0.11853E-02  0.17896E-02
 Y -0.11853E-02  0.13049E-01 -0.91943E-03
 Z  0.17896E-02 -0.91943E-03  0.13894E-01
 TENSOR EIGENVALUES:
 A  0.16852E-01  B  0.12454E-01  C  0.12544E-01
 PRINCIPAL AXES:
         X             Y             Z
 A  0.74108E+00 -0.36692E+00  0.56229E+00
 B  0.16888E+00  0.91241E+00  0.37280E+00
 C -0.64983E+00 -0.18132E+00  0.73814E+00
 NON BONDING WANNIER FUNCTION
 DISTANCE CENTROID-ATOM    4(  0  0  0) :   0.10214E+00
 ATOMIC POPULATION DATA:
  4 ZN(  0  0  0)  1.0000
 A.O. POPULATIONS OF ATOM    4(  0  0  0):
  -0.0063   0.2656  -0.0035  -0.0063   0.0003  -0.0001  -0.0000  -0.0000
  -0.0000   0.4206   0.1052   0.2449  -0.0113  -0.0028  -0.0066   0.0001
   0.0000   0.0000   0.0000   0.0000   0.0000   0.0000   0.0000   0.0000
   0.0000   0.0000   0.0000   0.0000   0.0000   0.0000   0.0000   0.0000
   0.0000
~~~~~~~~~~~~~~~~~~~~~~~~~~~~~~~~~~~~~~~~~~~~~~~~~~~~~~~~~~~~~~~~~~~~~~~~~~~~~~~~
 WANNIER NUMBER    4 ATOMIC EXTENT  1.0000
 CENTROID'S COORDINATES R0:   -0.38980E+01   -0.25698E+01   -0.16501E+01
 EXPECTATION VALUE OF (R-R0)**2:  0.41826E-01
 SECOND ORDER TENSOR IN CARTESIAN AXES:
         X             Y             Z
 X  0.14906E-01  0.38659E-03 -0.20907E-02
 Y  0.38659E-03  0.12573E-01 -0.40211E-03
 Z -0.20907E-02 -0.40211E-03  0.14348E-01
 TENSOR EIGENVALUES:
 A  0.16809E-01  B  0.12460E-01  C  0.12557E-01
 PRINCIPAL AXES:
         X             Y             Z
 A  0.74509E+00  0.13008E+00 -0.65416E+00
 B  0.34560E+00  0.76355E+00  0.54548E+00
 C  0.57044E+00 -0.63251E+00  0.52396E+00
 NON BONDING WANNIER FUNCTION
 DISTANCE CENTROID-ATOM    3(  0  0  0) :   0.10216E+00
 ATOMIC POPULATION DATA:
  3 ZN(  0  0  0)  1.0000
 A.O. POPULATIONS OF ATOM    3(  0  0  0):
  -0.0063   0.2658  -0.0035  -0.0063   0.0003  -0.0001  -0.0000  -0.0000
  -0.0000   0.4249   0.0124   0.3332  -0.0114  -0.0003  -0.0090   0.0000
   0.0000   0.0000   0.0000   0.0000   0.0000   0.0000   0.0000   0.0000
   0.0000   0.0000   0.0000   0.0000   0.0000   0.0000   0.0000   0.0000
   0.0000
~~~~~~~~~~~~~~~~~~~~~~~~~~~~~~~~~~~~~~~~~~~~~~~~~~~~~~~~~~~~~~~~~~~~~~~~~~~~~~~~
 WANNIER NUMBER    5 ATOMIC EXTENT  1.0000
 CENTROID'S COORDINATES R0:   -0.39739E+01    0.25827E+01    0.39587E+01
 EXPECTATION VALUE OF (R-R0)**2:  0.45788E-02
 SECOND ORDER TENSOR IN CARTESIAN AXES:
         X             Y             Z
 X  0.15258E-02  0.12145E-06  0.11016E-06
 Y  0.12145E-06  0.15269E-02 -0.42760E-06
 Z  0.11016E-06 -0.42760E-06  0.15262E-02
 TENSOR EIGENVALUES:
 A  0.15257E-02  B  0.15271E-02  C  0.15261E-02
 PRINCIPAL AXES:
         X             Y             Z
 A  0.84339E+00 -0.26826E+00 -0.46554E+00
 B  0.50017E-01  0.90188E+00 -0.42909E+00
 C  0.53497E+00  0.33860E+00  0.77405E+00
 NON BONDING WANNIER FUNCTION
 DISTANCE CENTROID-ATOM    4(  0  0  0) :   0.29981E-06
 ATOMIC POPULATION DATA:
  4 ZN(  0  0  0)  1.0000
 A.O. POPULATIONS OF ATOM    4(  0  0  0):
   1.0253  -0.0251  -0.0007   0.0005  -0.0001   0.0000   0.0000   0.0000
  -0.0000   0.0000   0.0000   0.0000   0.0000   0.0000   0.0000   0.0000
   0.0000   0.0000   0.0000   0.0000   0.0000   0.0000   0.0000   0.0000
   0.0000   0.0000   0.0000   0.0000  -0.0000   0.0000   0.0000  -0.0000
   0.0000
~~~~~~~~~~~~~~~~~~~~~~~~~~~~~~~~~~~~~~~~~~~~~~~~~~~~~~~~~~~~~~~~~~~~~~~~~~~~~~~~
 WANNIER NUMBER    6 ATOMIC EXTENT  1.0000
 CENTROID'S COORDINATES R0:   -0.39739E+01   -0.25827E+01   -0.15829E+01
 EXPECTATION VALUE OF (R-R0)**2:  0.45784E-02
 SECOND ORDER TENSOR IN CARTESIAN AXES:
         X             Y             Z
 X  0.15251E-02 -0.47685E-06 -0.38054E-06
 Y -0.47685E-06  0.15260E-02  0.10192E-05
 Z -0.38054E-06  0.10192E-05  0.15273E-02
 TENSOR EIGENVALUES:
 A  0.15249E-02  B  0.15255E-02  C  0.15280E-02
 PRINCIPAL AXES:
         X             Y             Z
 A  0.90290E+00  0.42819E+00 -0.37641E-01
 B -0.38515E+00  0.76702E+00 -0.51316E+00
 C -0.19086E+00  0.47783E+00  0.85747E+00
 NON BONDING WANNIER FUNCTION
 DISTANCE CENTROID-ATOM    3(  0  0  0) :   0.18946E-06
 ATOMIC POPULATION DATA:
  3 ZN(  0  0  0)  1.0000
 A.O. POPULATIONS OF ATOM    3(  0  0  0):
   1.0253  -0.0251  -0.0007   0.0005  -0.0001   0.0000   0.0000   0.0000
   0.0000   0.0000   0.0000   0.0000   0.0000   0.0000   0.0000  -0.0000
   0.0000   0.0000   0.0000   0.0000   0.0000   0.0000   0.0000   0.0000
   0.0000   0.0000  -0.0000   0.0000  -0.0000   0.0000   0.0000  -0.0000
   0.0000
~~~~~~~~~~~~~~~~~~~~~~~~~~~~~~~~~~~~~~~~~~~~~~~~~~~~~~~~~~~~~~~~~~~~~~~~~~~~~~~~
 WANNIER NUMBER    7 ATOMIC EXTENT  0.9985
 CENTROID'S COORDINATES R0:   -0.42937E+01    0.29018E+01    0.41509E+01
 EXPECTATION VALUE OF (R-R0)**2:  0.59403E+00
 SECOND ORDER TENSOR IN CARTESIAN AXES:
         X             Y             Z
 X  0.20941E+00 -0.61642E-01 -0.23930E-01
 Y -0.61642E-01  0.20065E+00  0.36151E-01
 Z -0.23930E-01  0.36151E-01  0.18398E+00
 TENSOR EIGENVALUES:
 A  0.28461E+00  B  0.13982E+00  C  0.16961E+00
 PRINCIPAL AXES:
         X             Y             Z
 A  0.65493E+00 -0.64813E+00 -0.38858E+00
 B  0.56550E+00  0.76143E+00 -0.31690E+00
 C  0.50127E+00 -0.12198E-01  0.86520E+00
 NON BONDING WANNIER FUNCTION
 DISTANCE CENTROID-ATOM    4(  0  0  0) :   0.49089E+00
 ATOMIC POPULATION DATA:
  4 ZN(  0  0  0)  1.0008
 A.O. POPULATIONS OF ATOM    4(  0  0  0):
  -0.0001  -0.0043   0.0697   0.0494   0.0014   0.0004   0.0007   0.0003
  -0.0000  -0.0045  -0.0042  -0.0016   0.1247   0.1163   0.0452   0.0312
   0.0291   0.0111   0.0382   0.0731   0.0551   0.0001   0.1257   0.0229
   0.0439   0.0326   0.0001   0.0756   0.0091   0.0175   0.0119   0.0000
   0.0299
~~~~~~~~~~~~~~~~~~~~~~~~~~~~~~~~~~~~~~~~~~~~~~~~~~~~~~~~~~~~~~~~~~~~~~~~~~~~~~~~
 WANNIER NUMBER    8 ATOMIC EXTENT  0.9989
 CENTROID'S COORDINATES R0:   -0.43597E+01   -0.28384E+01   -0.15414E+01
 EXPECTATION VALUE OF (R-R0)**2:  0.64943E+00
 SECOND ORDER TENSOR IN CARTESIAN AXES:
         X             Y             Z
 X  0.27549E+00  0.81078E-01 -0.18798E-01
 Y  0.81078E-01  0.20716E+00  0.43600E-02
 Z -0.18798E-01  0.43600E-02  0.16677E+00
 TENSOR EIGENVALUES:
 A  0.33039E+00  B  0.14423E+00  C  0.17481E+00
 PRINCIPAL AXES:
         X             Y             Z
 A  0.83394E+00  0.54583E+00 -0.81270E-01
 B -0.49589E+00  0.67659E+00 -0.54434E+00
 C -0.24213E+00  0.49425E+00  0.83492E+00
 NON BONDING WANNIER FUNCTION
 DISTANCE CENTROID-ATOM    3(  0  0  0) :   0.46472E+00
 ATOMIC POPULATION DATA:
  3 ZN(  0  0  0)  1.0006
 A.O. POPULATIONS OF ATOM    3(  0  0  0):
  -0.0000  -0.0036   0.0572   0.0406   0.0014   0.0015   0.0010   0.0003
  -0.0000  -0.0062  -0.0027  -0.0001   0.1699   0.0752   0.0021   0.0426
   0.0189   0.0005   0.0985   0.0012   0.0124   0.0359   0.1813   0.0588
   0.0007   0.0074   0.0212   0.1090   0.0223   0.0003   0.0027   0.0073
   0.0431
~~~~~~~~~~~~~~~~~~~~~~~~~~~~~~~~~~~~~~~~~~~~~~~~~~~~~~~~~~~~~~~~~~~~~~~~~~~~~~~~
 WANNIER NUMBER    9 ATOMIC EXTENT  1.0000
 CENTROID'S COORDINATES R0:   -0.39544E+01   -0.25283E+01   -0.14986E+01
 EXPECTATION VALUE OF (R-R0)**2:  0.41832E-01
 SECOND ORDER TENSOR IN CARTESIAN AXES:
         X             Y             Z
 X  0.12650E-01  0.43776E-03  0.70410E-03
 Y  0.43776E-03  0.13740E-01  0.19066E-02
 Z  0.70410E-03  0.19066E-02  0.15442E-01
 TENSOR EIGENVALUES:
 A  0.12477E-01  B  0.12512E-01  C  0.16842E-01
 PRINCIPAL AXES:
         X             Y             Z
 A  0.84021E+00  0.34292E+00 -0.42007E+00
 B -0.50639E+00  0.77328E+00 -0.38160E+00
 C  0.19398E+00  0.53334E+00  0.82336E+00
 NON BONDING WANNIER FUNCTION
 DISTANCE CENTROID-ATOM    3(  0  0  0) :   0.10216E+00
 ATOMIC POPULATION DATA:
  3 ZN(  0  0  0)  1.0000
 A.O. POPULATIONS OF ATOM    3(  0  0  0):
  -0.0063   0.2657  -0.0035  -0.0063   0.0004  -0.0001  -0.0000  -0.0000
  -0.0000   0.0280   0.2183   0.5243  -0.0008  -0.0059  -0.0141   0.0000
   0.0000   0.0001   0.0000   0.0000   0.0000   0.0000   0.0000   0.0000
   0.0000   0.0000   0.0000   0.0000   0.0000   0.0000   0.0000   0.0000
   0.0000
~~~~~~~~~~~~~~~~~~~~~~~~~~~~~~~~~~~~~~~~~~~~~~~~~~~~~~~~~~~~~~~~~~~~~~~~~~~~~~~~
 WANNIER NUMBER   10 ATOMIC EXTENT  1.0000
 CENTROID'S COORDINATES R0:   -0.39581E+01    0.25573E+01    0.38610E+01
 EXPECTATION VALUE OF (R-R0)**2:  0.41907E-01
 SECOND ORDER TENSOR IN CARTESIAN AXES:
         X             Y             Z
 X  0.12616E-01 -0.16782E-03 -0.63843E-03
 Y -0.16782E-03  0.12787E-01  0.10551E-02
 Z -0.63843E-03  0.10551E-02  0.16504E-01
 TENSOR EIGENVALUES:
 A  0.12514E-01  B  0.12508E-01  C  0.16884E-01
 PRINCIPAL AXES:
         X             Y             Z
 A  0.98084E+00  0.15691E+00  0.11547E+00
 B -0.12079E+00  0.95484E+00 -0.27145E+00
 C -0.15285E+00  0.25230E+00  0.95550E+00
 NON BONDING WANNIER FUNCTION
 DISTANCE CENTROID-ATOM    4(  0  0  0) :   0.10215E+00
 ATOMIC POPULATION DATA:
  4 ZN(  0  0  0)  1.0000
 A.O. POPULATIONS OF ATOM    4(  0  0  0):
  -0.0063   0.2657  -0.0035  -0.0062   0.0003  -0.0001  -0.0000  -0.0000
  -0.0000   0.0184   0.0475   0.7049  -0.0005  -0.0013  -0.0191   0.0000
   0.0000   0.0001   0.0000   0.0000   0.0000   0.0000   0.0000   0.0000
   0.0000   0.0000   0.0000   0.0000   0.0000   0.0000   0.0000   0.0000
   0.0000
~~~~~~~~~~~~~~~~~~~~~~~~~~~~~~~~~~~~~~~~~~~~~~~~~~~~~~~~~~~~~~~~~~~~~~~~~~~~~~~~
 WANNIER NUMBER   11 ATOMIC EXTENT  0.9999
 CENTROID'S COORDINATES R0:   -0.39739E+01   -0.21587E+00   -0.45760E+01
 EXPECTATION VALUE OF (R-R0)**2:  0.45492E-01
 SECOND ORDER TENSOR IN CARTESIAN AXES:
         X             Y             Z
 X  0.15070E-01 -0.68300E-06  0.11476E-06
 Y -0.68300E-06  0.15215E-01 -0.80330E-04
 Z  0.11476E-06 -0.80330E-04  0.15207E-01
 TENSOR EIGENVALUES:
 A  0.15070E-01  B  0.15292E-01  C  0.15131E-01
 PRINCIPAL AXES:
         X             Y             Z
 A  0.99998E+00  0.62362E-02  0.28137E-02
 B -0.25886E-02  0.72556E+00 -0.68815E+00
 C -0.63330E-02  0.68813E+00  0.72556E+00
 NON BONDING WANNIER FUNCTION
 DISTANCE CENTROID-ATOM   11(  0  0  0) :   0.29416E-04
 ATOMIC POPULATION DATA:
 11 F (  0  0  0)  1.0000
 A.O. POPULATIONS OF ATOM   11(  0  0  0):
   0.3814   0.6289   0.0029  -0.0117  -0.0016   0.0000   0.0000   0.0000
   0.0000   0.0000   0.0000   0.0000   0.0000   0.0000   0.0000   0.0000
   0.0000   0.0000   0.0000
~~~~~~~~~~~~~~~~~~~~~~~~~~~~~~~~~~~~~~~~~~~~~~~~~~~~~~~~~~~~~~~~~~~~~~~~~~~~~~~~
 WANNIER NUMBER   12 ATOMIC EXTENT  0.9999
 CENTROID'S COORDINATES R0:   -0.39739E+01    0.21587E+00    0.96559E+00
 EXPECTATION VALUE OF (R-R0)**2:  0.45490E-01
 SECOND ORDER TENSOR IN CARTESIAN AXES:
         X             Y             Z
 X  0.15068E-01 -0.62221E-06  0.12367E-06
 Y -0.62221E-06  0.15214E-01  0.82522E-04
 Z  0.12367E-06  0.82522E-04  0.15208E-01
 TENSOR EIGENVALUES:
 A  0.15068E-01  B  0.15294E-01  C  0.15129E-01
 PRINCIPAL AXES:
         X             Y             Z
 A  0.99996E+00  0.71445E-02 -0.50841E-02
 B -0.16014E-02  0.71883E+00  0.69519E+00
 C  0.86213E-02 -0.69515E+00  0.71881E+00
 NON BONDING WANNIER FUNCTION
 DISTANCE CENTROID-ATOM   12(  0  0  0) :   0.29177E-04
 ATOMIC POPULATION DATA:
 12 F (  0  0  0)  1.0000
 A.O. POPULATIONS OF ATOM   12(  0  0  0):
   0.3814   0.6289   0.0029  -0.0117  -0.0016   0.0000   0.0000   0.0000
   0.0000   0.0000   0.0000   0.0000   0.0000   0.0000   0.0000   0.0000
   0.0000   0.0000   0.0000
~~~~~~~~~~~~~~~~~~~~~~~~~~~~~~~~~~~~~~~~~~~~~~~~~~~~~~~~~~~~~~~~~~~~~~~~~~~~~~~~
 WANNIER NUMBER   13 ATOMIC EXTENT  1.0000
 CENTROID'S COORDINATES R0:   -0.39739E+01   -0.50827E+01    0.12466E+01
 EXPECTATION VALUE OF (R-R0)**2:  0.45399E-01
 SECOND ORDER TENSOR IN CARTESIAN AXES:
         X             Y             Z
 X  0.15125E-01  0.16078E-05  0.19989E-05
 Y  0.16078E-05  0.15120E-01 -0.10976E-04
 Z  0.19989E-05 -0.10976E-04  0.15154E-01
 TENSOR EIGENVALUES:
 A  0.15125E-01  B  0.15116E-01  C  0.15157E-01
 PRINCIPAL AXES:
         X             Y             Z
 A  0.96658E+00  0.25461E+00  0.29828E-01
 B -0.25242E+00  0.92502E+00  0.28394E+00
 C  0.44704E-01 -0.28199E+00  0.95838E+00
 NON BONDING WANNIER FUNCTION
 DISTANCE CENTROID-ATOM    7(  0  0  0) :   0.98484E-04
 ATOMIC POPULATION DATA:
  7 F (  0  0  0)  1.0000
 A.O. POPULATIONS OF ATOM    7(  0  0  0):
   0.3815   0.6290   0.0028  -0.0117  -0.0017   0.0000   0.0000   0.0000
   0.0000   0.0000   0.0000   0.0000   0.0000   0.0000   0.0000   0.0000
   0.0000  -0.0000   0.0000
~~~~~~~~~~~~~~~~~~~~~~~~~~~~~~~~~~~~~~~~~~~~~~~~~~~~~~~~~~~~~~~~~~~~~~~~~~~~~~~~
 WANNIER NUMBER   14 ATOMIC EXTENT  1.0000
 CENTROID'S COORDINATES R0:   -0.39739E+01    0.50827E+01   -0.42950E+01
 EXPECTATION VALUE OF (R-R0)**2:  0.45395E-01
 SECOND ORDER TENSOR IN CARTESIAN AXES:
         X             Y             Z
 X  0.15125E-01 -0.12549E-05  0.22464E-05
 Y -0.12549E-05  0.15119E-01  0.87679E-05
 Z  0.22464E-05  0.87679E-05  0.15151E-01
 TENSOR EIGENVALUES:
 A  0.15125E-01  B  0.15116E-01  C  0.15153E-01
 PRINCIPAL AXES:
         X             Y             Z
 A  0.97745E+00 -0.21071E+00 -0.13487E-01
 B  0.20065E+00  0.94685E+00 -0.25143E+00
 C  0.65750E-01  0.24306E+00  0.96778E+00
 NON BONDING WANNIER FUNCTION
 DISTANCE CENTROID-ATOM    8(  0  0  0) :   0.99278E-04
 ATOMIC POPULATION DATA:
  8 F (  0  0  0)  1.0000
 A.O. POPULATIONS OF ATOM    8(  0  0  0):
   0.3815   0.6290   0.0028  -0.0117  -0.0017   0.0000   0.0000   0.0000
   0.0000   0.0000   0.0000   0.0000   0.0000   0.0000   0.0000   0.0000
   0.0000  -0.0000   0.0000
~~~~~~~~~~~~~~~~~~~~~~~~~~~~~~~~~~~~~~~~~~~~~~~~~~~~~~~~~~~~~~~~~~~~~~~~~~~~~~~~
 WANNIER NUMBER   15 ATOMIC EXTENT  1.0000
 CENTROID'S COORDINATES R0:   -0.59005E-05    0.22410E+01    0.39163E+01
 EXPECTATION VALUE OF (R-R0)**2:  0.45428E-01
 SECOND ORDER TENSOR IN CARTESIAN AXES:
         X             Y             Z
 X  0.15260E-01  0.31739E-05  0.57460E-05
 Y  0.31739E-05  0.15072E-01  0.62590E-05
 Z  0.57460E-05  0.62590E-05  0.15096E-01
 TENSOR EIGENVALUES:
 A  0.15260E-01  B  0.15071E-01  C  0.15097E-01
 PRINCIPAL AXES:
         X             Y             Z
 A  0.99920E+00  0.18106E-01  0.35730E-01
 B -0.90511E-02  0.97100E+00 -0.23892E+00
 C -0.39020E-01  0.23841E+00  0.97038E+00
 NON BONDING WANNIER FUNCTION
 DISTANCE CENTROID-ATOM    9(  0  0  0) :   0.38775E-04
 ATOMIC POPULATION DATA:
  9 F (  0  0  0)  1.0000
 A.O. POPULATIONS OF ATOM    9(  0  0  0):
   0.3815   0.6290   0.0028  -0.0117  -0.0016   0.0000   0.0000   0.0000
   0.0000   0.0000   0.0000   0.0000   0.0000   0.0000   0.0000  -0.0000
   0.0000   0.0000   0.0000
~~~~~~~~~~~~~~~~~~~~~~~~~~~~~~~~~~~~~~~~~~~~~~~~~~~~~~~~~~~~~~~~~~~~~~~~~~~~~~~~
 WANNIER NUMBER   16 ATOMIC EXTENT  1.0000
 CENTROID'S COORDINATES R0:   -0.18565E-06   -0.22410E+01   -0.16253E+01
 EXPECTATION VALUE OF (R-R0)**2:  0.45431E-01
 SECOND ORDER TENSOR IN CARTESIAN AXES:
         X             Y             Z
 X  0.15259E-01 -0.13910E-06  0.67175E-06
 Y -0.13910E-06  0.15073E-01 -0.56183E-05
 Z  0.67175E-06 -0.56183E-05  0.15099E-01
 TENSOR EIGENVALUES:
 A  0.15259E-01  B  0.15072E-01  C  0.15100E-01
 PRINCIPAL AXES:
         X             Y             Z
 A  0.99999E+00 -0.87074E-03  0.42455E-02
 B  0.00000E+00  0.97961E+00  0.20092E+00
 C -0.43338E-02 -0.20091E+00  0.97960E+00
 NON BONDING WANNIER FUNCTION
 DISTANCE CENTROID-ATOM   10(  0  0  0) :   0.38654E-04
 ATOMIC POPULATION DATA:
 10 F (  0  0  0)  1.0000
 A.O. POPULATIONS OF ATOM   10(  0  0  0):
   0.3815   0.6290   0.0028  -0.0117  -0.0016   0.0000   0.0000   0.0000
   0.0000   0.0000   0.0000   0.0000   0.0000   0.0000   0.0000   0.0000
   0.0000   0.0000  -0.0000
~~~~~~~~~~~~~~~~~~~~~~~~~~~~~~~~~~~~~~~~~~~~~~~~~~~~~~~~~~~~~~~~~~~~~~~~~~~~~~~~
 WANNIER NUMBER   17 ATOMIC EXTENT  1.0000
 CENTROID'S COORDINATES R0:   -0.39739E+01   -0.53046E+01   -0.42161E+01
 EXPECTATION VALUE OF (R-R0)**2:  0.45390E-01
 SECOND ORDER TENSOR IN CARTESIAN AXES:
         X             Y             Z
 X  0.15116E-01  0.49492E-06  0.38472E-06
 Y  0.49492E-06  0.15133E-01  0.43267E-05
 Z  0.38472E-06  0.43267E-05  0.15142E-01
 TENSOR EIGENVALUES:
 A  0.15116E-01  B  0.15131E-01  C  0.15144E-01
 PRINCIPAL AXES:
         X             Y             Z
 A  0.99960E+00 -0.26526E-01 -0.10203E-01
 B  0.21010E-01  0.93145E+00 -0.36326E+00
 C  0.19140E-01  0.36290E+00  0.93163E+00
 NON BONDING WANNIER FUNCTION
 DISTANCE CENTROID-ATOM    5(  0  0  0) :   0.98171E-04
 ATOMIC POPULATION DATA:
  5 F (  0  0  0)  1.0000
 A.O. POPULATIONS OF ATOM    5(  0  0  0):
   0.3815   0.6290   0.0028  -0.0117  -0.0017   0.0000   0.0000   0.0000
   0.0000   0.0000   0.0000   0.0000   0.0000   0.0000   0.0000  -0.0000
  -0.0000   0.0000   0.0000
~~~~~~~~~~~~~~~~~~~~~~~~~~~~~~~~~~~~~~~~~~~~~~~~~~~~~~~~~~~~~~~~~~~~~~~~~~~~~~~~
 WANNIER NUMBER   18 ATOMIC EXTENT  1.0000
 CENTROID'S COORDINATES R0:   -0.39739E+01    0.53046E+01    0.13255E+01
 EXPECTATION VALUE OF (R-R0)**2:  0.45393E-01
 SECOND ORDER TENSOR IN CARTESIAN AXES:
         X             Y             Z
 X  0.15118E-01 -0.16440E-05 -0.13941E-05
 Y -0.16440E-05  0.15133E-01 -0.31873E-05
 Z -0.13941E-05 -0.31873E-05  0.15141E-01
 TENSOR EIGENVALUES:
 A  0.15118E-01  B  0.15132E-01  C  0.15142E-01
 PRINCIPAL AXES:
         X             Y             Z
 A  0.98880E+00  0.12803E+00  0.76677E-01
 B -0.14523E+00  0.94377E+00  0.29698E+00
 C -0.34344E-01 -0.30479E+00  0.95180E+00
 NON BONDING WANNIER FUNCTION
 DISTANCE CENTROID-ATOM    6(  0  0  0) :   0.98348E-04
 ATOMIC POPULATION DATA:
  6 F (  0  0  0)  1.0000
 A.O. POPULATIONS OF ATOM    6(  0  0  0):
   0.3815   0.6290   0.0028  -0.0117  -0.0017   0.0000   0.0000   0.0000
   0.0000   0.0000   0.0000   0.0000   0.0000   0.0000   0.0000   0.0000
  -0.0000   0.0000   0.0000
~~~~~~~~~~~~~~~~~~~~~~~~~~~~~~~~~~~~~~~~~~~~~~~~~~~~~~~~~~~~~~~~~~~~~~~~~~~~~~~~
 WANNIER NUMBER   19 ATOMIC EXTENT  1.0000
 CENTROID'S COORDINATES R0:   -0.40618E+01   -0.25511E+01   -0.16243E+01
 EXPECTATION VALUE OF (R-R0)**2:  0.41814E-01
 SECOND ORDER TENSOR IN CARTESIAN AXES:
         X             Y             Z
 X  0.15700E-01 -0.11472E-02  0.15162E-02
 Y -0.11472E-02  0.12920E-01 -0.57353E-03
 Z  0.15162E-02 -0.57353E-03  0.13194E-01
 TENSOR EIGENVALUES:
 A  0.16834E-01  B  0.12521E-01  C  0.12459E-01
 PRINCIPAL AXES:
         X             Y             Z
 A  0.85884E+00 -0.31136E+00  0.40675E+00
 B  0.47645E+00  0.77716E+00 -0.41112E+00
 C -0.18810E+00  0.54688E+00  0.81581E+00
 NON BONDING WANNIER FUNCTION
 DISTANCE CENTROID-ATOM    3(  0  0  0) :   0.10214E+00
 ATOMIC POPULATION DATA:
  3 ZN(  0  0  0)  1.0000
 A.O. POPULATIONS OF ATOM    3(  0  0  0):
  -0.0063   0.2657  -0.0035  -0.0063   0.0003  -0.0001  -0.0000  -0.0000
  -0.0000   0.5704   0.0739   0.1264  -0.0153  -0.0020  -0.0034   0.0001
   0.0000   0.0000   0.0000   0.0000   0.0000   0.0000   0.0000   0.0000
   0.0000   0.0000   0.0000   0.0000  -0.0000   0.0000   0.0000   0.0000
   0.0000
~~~~~~~~~~~~~~~~~~~~~~~~~~~~~~~~~~~~~~~~~~~~~~~~~~~~~~~~~~~~~~~~~~~~~~~~~~~~~~~~
 WANNIER NUMBER   20 ATOMIC EXTENT  1.0000
 CENTROID'S COORDINATES R0:   -0.39759E+01    0.26845E+01    0.39676E+01
 EXPECTATION VALUE OF (R-R0)**2:  0.41815E-01
 SECOND ORDER TENSOR IN CARTESIAN AXES:
         X             Y             Z
 X  0.12502E-01 -0.81117E-04 -0.42903E-05
 Y -0.81117E-04  0.16756E-01  0.33045E-03
 Z -0.42903E-05  0.33045E-03  0.12557E-01
 TENSOR EIGENVALUES:
 A  0.12500E-01  B  0.16784E-01  C  0.12531E-01
 PRINCIPAL AXES:
         X             Y             Z
 A  0.99758E+00  0.24076E-01 -0.65187E-01
 B -0.18963E-01  0.99678E+00  0.77945E-01
 C  0.66854E-01 -0.76521E-01  0.99482E+00
 NON BONDING WANNIER FUNCTION
 DISTANCE CENTROID-ATOM    4(  0  0  0) :   0.10219E+00
 ATOMIC POPULATION DATA:
  4 ZN(  0  0  0)  1.0000
 A.O. POPULATIONS OF ATOM    4(  0  0  0):
  -0.0063   0.2659  -0.0035  -0.0063   0.0004  -0.0001   0.0000  -0.0000
  -0.0000   0.0003   0.7643   0.0058  -0.0000  -0.0205  -0.0002   0.0000
   0.0001   0.0000   0.0000   0.0000   0.0000   0.0000   0.0000   0.0000
   0.0000   0.0000   0.0000   0.0000   0.0000   0.0000   0.0000   0.0000
   0.0000
~~~~~~~~~~~~~~~~~~~~~~~~~~~~~~~~~~~~~~~~~~~~~~~~~~~~~~~~~~~~~~~~~~~~~~~~~~~~~~~~
 WANNIER NUMBER   21 ATOMIC EXTENT  0.9989
 CENTROID'S COORDINATES R0:   -0.43485E+01   -0.23099E+01   -0.14219E+01
 EXPECTATION VALUE OF (R-R0)**2:  0.59158E+00
 SECOND ORDER TENSOR IN CARTESIAN AXES:
         X             Y             Z
 X  0.23474E+00 -0.51348E-01 -0.38253E-01
 Y -0.51348E-01  0.20099E+00  0.21633E-01
 Z -0.38253E-01  0.21633E-01  0.15585E+00
 TENSOR EIGENVALUES:
 A  0.28653E+00  B  0.16472E+00  C  0.14033E+00
 PRINCIPAL AXES:
         X             Y             Z
 A  0.77551E+00 -0.54577E+00 -0.31736E+00
 B  0.51555E+00  0.83760E+00 -0.18063E+00
 C  0.36441E+00 -0.23541E-01  0.93094E+00
 NON BONDING WANNIER FUNCTION
 DISTANCE CENTROID-ATOM    3(  0  0  0) :   0.49053E+00
 ATOMIC POPULATION DATA:
  3 ZN(  0  0  0)  1.0005
 A.O. POPULATIONS OF ATOM    3(  0  0  0):
  -0.0001  -0.0043   0.0694   0.0491   0.0016   0.0008  -0.0002   0.0001
   0.0001  -0.0062  -0.0032  -0.0010   0.1719   0.0891   0.0280   0.0429
   0.0222   0.0071   0.0189   0.0375   0.0388   0.0227   0.1736   0.0112
   0.0225   0.0229   0.0135   0.1043   0.0041   0.0090   0.0082   0.0048
   0.0412
~~~~~~~~~~~~~~~~~~~~~~~~~~~~~~~~~~~~~~~~~~~~~~~~~~~~~~~~~~~~~~~~~~~~~~~~~~~~~~~~
 WANNIER NUMBER   22 ATOMIC EXTENT  1.0000
 CENTROID'S COORDINATES R0:   -0.40631E+01    0.25440E+01    0.39899E+01
 EXPECTATION VALUE OF (R-R0)**2:  0.41807E-01
 SECOND ORDER TENSOR IN CARTESIAN AXES:
         X             Y             Z
 X  0.15815E-01  0.14341E-02 -0.11406E-02
 Y  0.14341E-02  0.13073E-01 -0.51022E-03
 Z -0.11406E-02 -0.51022E-03  0.12919E-01
 TENSOR EIGENVALUES:
 A  0.16827E-01  B  0.12454E-01  C  0.12526E-01
 PRINCIPAL AXES:
         X             Y             Z
 A  0.87531E+00  0.37568E+00 -0.30448E+00
 B -0.29641E+00  0.91431E+00  0.27601E+00
 C  0.38208E+00 -0.15134E+00  0.91165E+00
 NON BONDING WANNIER FUNCTION
 DISTANCE CENTROID-ATOM    4(  0  0  0) :   0.10215E+00
 ATOMIC POPULATION DATA:
  4 ZN(  0  0  0)  1.0000
 A.O. POPULATIONS OF ATOM    4(  0  0  0):
  -0.0063   0.2657  -0.0035  -0.0063   0.0003  -0.0001  -0.0000  -0.0000
  -0.0000   0.5882   0.1104   0.0720  -0.0158  -0.0030  -0.0019   0.0001
   0.0000   0.0000   0.0000   0.0000   0.0000   0.0000   0.0000   0.0000
   0.0000   0.0000   0.0000   0.0000   0.0000   0.0000   0.0000   0.0000
   0.0000
~~~~~~~~~~~~~~~~~~~~~~~~~~~~~~~~~~~~~~~~~~~~~~~~~~~~~~~~~~~~~~~~~~~~~~~~~~~~~~~~
 WANNIER NUMBER   23 ATOMIC EXTENT  0.9989
 CENTROID'S COORDINATES R0:   -0.36910E+01    0.22136E+01    0.41113E+01
 EXPECTATION VALUE OF (R-R0)**2:  0.59427E+00
 SECOND ORDER TENSOR IN CARTESIAN AXES:
