Date: 2025-01-24 17:03:46
Running on: AGKraus-Super-Server
Temporary directory: /scratch/sachs//CRY_3585429
Executable: /Data/Software/crystal/crystal23/bin/Linux-ifort_i64/v1.0.1_openmpi//properties
Output: /Data/Sachs/projekte/ferroelectric_fluorides/calculations/BaZnF4_oS24_SG63_PBE0_tzvp_wannier/2.prop.out
Properties input data 2.d3
NEWK
0 8
8 8 5
1 0
LOCALI
END
END
END
Creating temporary directory /scratch/sachs//CRY_3585429 on node AGKraus-Super-Server
SCF wavefunction 2.w is available as /scratch/sachs//CRY_3585429/fort.9

         
 *******************************************************************************
 *                                                                             *
 *                               CRYSTAL23                                     *
 *                      public : 1.0.1 - October 2022                          *
 *                       HTTP://WWW.CRYSTAL.UNITO.IT                           *
 *                                                                             *
 *                              MAIN AUTHORS                                   *
 *                                                                             *
 *  R. DOVESI(1,11), V.R. SAUNDERS(2), C. ROETTI(1,11), R. ORLANDO(1,11),      *
 *  C.M. ZICOVICH-WILSON(1,3), F. PASCALE(4), B. CIVALLERI(1,11),              *
 *  K. DOLL(5), N.M. HARRISON(6), I.J. BUSH(7), Ph. D'ARCO(8),                 *
 *  M. LLUNELL(9), M. CAUSA'(10), Y. NOEL(8), L. MASCHIO(1,11), A. ERBA(1,11)  *
 *  M. RE'RAT(14), S. CASASSA(1,11), B.G. SEARLE(2), J.K. DESMARAIS(1)         *
 *                                                                             *
 *        CONTRIBUTIONS TO THE CODE HAVE ALSO BEEN GIVEN BY                    *
 *                                                                             *
 *  M. FERRABONE(1,11), M. DE LA PIERRE(1,11), M. FERRERO(1,11),               *
 *  J. BAIMA(1,11), E. ALBANESE(1,11), M.F. PEINTINGER(12), R. BAST(13),       *
 *  B. KIRTMAN(15), V. LACIVITA(1,11), R. DEMICHELIS(1,16)                     *
 *  G. BRANDEBURG(17), S. SALUSTRO(1,11), G. SANSONE(1,11)                     *
 *  M.T. RUGGIERO(18), L.E. DAGA(1), L. DONA'(1), A. COSSARD(1)                *
 *                                                                             *
 * (1) THEORETICAL CHEMISTRY GROUP - UNIVERSITA' DI TORINO - TORINO (ITALY)    *
 * (2) SCIENTIFIC COMPUTING DEPARTMENT - STFC DARESBURY (UK)                   *
 * (3) UNIVERSIDAD AUTONOMA DEL ESTADO DE MORELOS - CUERNAVACA (MEXICO)        *
 * (4) UNIVERSITE' DE LORRAINE - NANCY (FRANCE)                                *
 * (5) UNIVERSITAET STUTTGART- STUTTGART (GERMANY)                             *
 * (6) IMPERIAL COLLEGE - LONDON (UK)                                          *
 * (7) SCIENTIFIC COMPUTING DEPARTMENT - STFC RAL (UK)                         *
 * (8) UPMC - SORBONNE UNIVERSITES - PARIS (FRANCE)                            *
 * (9) UNIVERSIDAD DE BARCELONA - BARCELONA (SPAIN)                            *
 *(10) UNIVERSITA' DI NAPOLI "FEDERICO II" - NAPOLI (ITALY)                    *
 *(11) NIS - NANOSTRUCTURED INTERFACES AND SURFACES - TORINO (ITALY)           *
 *(12) MPI FUER CHEMISCHE ENERGIEKONVERSION - MUELHEIM AN DER RUHR (GERMANY)   *
 *(13) UNIVERSITY OF TROMSO - TROMSO (NORWAY)                                  *
 *(14) UNIVERSITE' DE PAU ET DES PAYS DE L'ADOUR - PAU (FRANCE)                *
 *(15) UNIVERSITY OF CALIFORNIA SANTA BARBARA - SANTA BARBARA (USA)            *
 *(16) CURTIN UNIVERSITY - PERTH (AUSTRALIA)                                   *
 *(17) UNIVERSITY COLLEGE LONDON - LONDON (UK)                                 *
 *(18) UNIVERSITY OF VERMONT - BURLINGTON (USA)                                *
 *                                                                             *
 *******************************************************************************
 EEEEEEEEEE STARTING  DATE 24 01 2025 TIME 17:03:46.3
 INFORMATION **** SET_MPP **** PCRYSTAL CALCULATION

 *******************************************************************************
 Polarisation path Nr. 2.                                                        
 CRYSTAL - PROPERTIES - TYPE OF CALCULATION :  RESTRICTED CLOSED SHELL
 *******************************************************************************
 KOHN-SHAM HAMILTONIAN

 (EXCHANGE)[CORRELATION] FUNCTIONAL:(PERDEW-BURKE-ERNZERHOF)[PERDEW-BURKE-ERNZERHOF]


 HYBRID EXCHANGE - PERCENTAGE OF FOCK EXCHANGE    25.0000

 DIRECT LATTICE VECTOR COMPONENTS (ANGSTROM)
         2.10290    7.28597    0.00000
        -2.10290    7.28597    0.00000
         0.00000    0.00000    5.86498

 LATTICE PARAMETERS  (ANGSTROM AND DEGREES) - PRIMITIVE CELL
       A          B          C         ALPHA      BETA     GAMMA        VOLUME
    7.58337    7.58337    5.86498     90.0000   90.0000   32.1988     179.72270
 *******************************************************************************
 N. OF ATOMS PER CELL        12 COULOMB OVERLAP TOL          (T1) 10**   -8
 NUMBER OF SHELLS           100 COULOMB PENETRATION TOL      (T2) 10**   -8
 NUMBER OF AO               256 EXCHANGE OVERLAP TOL         (T3) 10**   -8
 N. OF ELECTRONS PER CELL   152 EXCHANGE PSEUDO OVP (F(G))   (T4) 10**   -8
 CORE ELECTRONS PER CELL     52 EXCHANGE PSEUDO OVP (P(G))   (T5) 10**  -16
 N. OF SYMMETRY OPERATORS     4 POLE ORDER IN MONO ZONE                   4
 CORE  PSEUDO POTENTIAL         TOL. ON PSEUDO              (TP) 10**- 6
 *******************************************************************************
   ATOM N.AT.  SHELL    X(A)      Y(A)      Z(A)      EXAD       N.ELECT.
 *******************************************************************************
    1  256 BA    6    -0.000     2.110    -0.778   2.732E-01       8.287
    2  256 BA    6     0.000    -2.110     2.154   2.732E-01       8.287
    3   30 ZN   12    -2.103    -1.332    -0.897   3.903E-01      28.867
    4   30 ZN   12    -2.103     1.332     2.036   3.903E-01      28.867
    5    9 F     8    -2.103    -2.840    -2.218   1.400E+00       9.734
    6    9 F     8    -2.103     2.840     0.714   1.400E+00       9.734
    7    9 F     8    -2.103    -2.605     0.632   1.400E+00       9.734
    8    9 F     8    -2.103     2.605    -2.300   1.400E+00       9.734
    9    9 F     8    -0.000     1.162     1.991   1.400E+00       9.696
   10    9 F     8     0.000    -1.162    -0.942   1.400E+00       9.696
   11    9 F     8    -2.103    -0.228    -2.598   1.400E+00       9.682
   12    9 F     8    -2.103     0.228     0.334   1.400E+00       9.682
 *******************************************************************************
 DE(K)                   0.000E+00  ENERGY LEVEL SHIFTING        0.00000
 TOTAL ENERGY -4.4084071068911E+03  CONVERGENCE ON ENER        1.741E-08
 KIN. ENERGY   4.3659565466253E+03  VIR. COEFF.           1.01557760E+00
 N. OF SCF CYCLES                9  FERMI ENERGY              -0.247E+00
 WEIGHT OF F(I) IN F(I+1)      80
 SHRINK. FACT.(MONKH.)     8  8  5  SHRINKING FACTOR(GILAT NET)        8
 NUMBER OF K POINTS IN THE IBZ  63  CELL VOLUME (A.U.)       1212.828899
 *******************************************************************************

 GCALCO - MAX INDICES DIRECT LATTICE VECTOR    16    16    11
 NO.OF VECTORS CREATED 6999 STARS 1033 RMAX   126.66320 BOHR
 TTTTTTTTTTTTTTTTTTTTTTTTTTTTTT gordsh1     TELAPSE        0.05 TCPU        0.05

 MATRIX SIZE: P(G)  374176, F(G)   64660, P(G) IRR   59817, F(G) IRR   22324
 MAX G-VECTOR INDEX FOR 1- AND 2-ELECTRON INTEGRALS 101


 CAPPA:IS1  8;IS2  8;IS3  5; K PTS MONK NET  63; SYMMOPS:K SPACE   8;G SPACE   4


 CAPPA:IS1  8;IS2  8;IS3  5; K PTS MONK NET  63; SYMMOPS:K SPACE   8;G SPACE   4

 *******************************************************************************
 RESTART WITH NEW K POINTS NET
 *******************************************************************************
 POINTS IN THE IBZ                  63 POINTS(GILAT NET)                63
 SHRINK FACTORS(MONK.)         8  8  5 SHRINK FACTOR(GILAT)              8
 *******************************************************************************
 *** K POINTS COORDINATES (OBLIQUE COORDINATES IN UNITS OF IS =  8)
   1-R(  0  0  0)   2-C(  1  0  0)   3-C(  2  0  0)   4-C(  3  0  0)
   5-R(  4  0  0)   6-C(  1  1  0)   7-C(  2  1  0)   8-C(  3  1  0)
   9-C(  4  1  0)  10-C(  5  1  0)  11-C(  6  1  0)  12-C(  7  1  0)
  13-C(  2  2  0)  14-C(  3  2  0)  15-C(  4  2  0)  16-C(  5  2  0)
  17-C(  6  2  0)  18-C(  3  3  0)  19-C(  4  3  0)  20-C(  5  3  0)
  21-R(  4  4  0)  22-C(  0  0  1)  23-C(  1  0  1)  24-C(  2  0  1)
  25-C(  3  0  1)  26-C(  4  0  1)  27-C(  1  1  1)  28-C(  2  1  1)
  29-C(  3  1  1)  30-C(  4  1  1)  31-C(  5  1  1)  32-C(  6  1  1)
  33-C(  7  1  1)  34-C(  2  2  1)  35-C(  3  2  1)  36-C(  4  2  1)
  37-C(  5  2  1)  38-C(  6  2  1)  39-C(  3  3  1)  40-C(  4  3  1)
  41-C(  5  3  1)  42-C(  4  4  1)  43-C(  0  0  2)  44-C(  1  0  2)
  45-C(  2  0  2)  46-C(  3  0  2)  47-C(  4  0  2)  48-C(  1  1  2)
  49-C(  2  1  2)  50-C(  3  1  2)  51-C(  4  1  2)  52-C(  5  1  2)
  53-C(  6  1  2)  54-C(  7  1  2)  55-C(  2  2  2)  56-C(  3  2  2)
  57-C(  4  2  2)  58-C(  5  2  2)  59-C(  6  2  2)  60-C(  3  3  2)
  61-C(  4  3  2)  62-C(  5  3  2)  63-C(  4  4  2)

 FERMI ENERGY AND DENSITY MATRIX CALCULATION ON COMPUTED EIGENVECTORS
 DENSITY MATRIX AT SCF CYCLE (  9+1)

 INSULATING STATE
 TOP OF VALENCE BANDS -    BAND     76; K    1; EIG -2.4709810E-01 AU
 BOTTOM OF VIRTUAL BANDS - BAND     77; K    1; EIG  6.2428114E-02 AU
 DIRECT ENERGY BAND GAP:   8.4226 eV

 CORE DENSITY MATRIX CALCULATION
 TTTTTTTTTTTTTTTTTTTTTTTTTTTTTT NEWK        TELAPSE        7.21 TCPU        7.21
 INSULATING STATE
 TOP OF VALENCE BANDS -    BAND     76; K    1; EIG -2.4709810E-01 AU
 BOTTOM OF VIRTUAL BANDS - BAND     77; K    1; EIG  6.2428114E-02 AU
 DIRECT ENERGY BAND GAP:   8.4226 eV

 LOCALISATION OF THE CRYSTALLINE ORBITALS
 ACCORDING TO A WANNIER-BOYS MIXED SCHEME

 LIST OF ACTIVE BANDS
      1     2     3     4     5     6     7     8     9    10    11    12    13
     14    15    16    17    18    19    20    21    22    23    24    25    26
     27    28    29    30    31    32    33    34    35    36    37    38    39
     40    41    42    43    44    45    46    47    48    49    50    51    52
     53    54    55    56    57    58    59    60    61    62    63    64    65
     66    67    68    69    70    71    72    73    74    75    76

 CONVERGENCE CRITERION: ABS(ADI(N) - ADI(N-1)) LT  0.1000E-04
 WHERE ADI IS THE ATOMIC DELOCALISATION INDEX AND N IS THE CYCLE NUMBER

 OMEGA IS THE SUM OF THE (X -X0)**2 EXPECTATION VALUES (MARZARI-VANDERBILT'S
 FUNCTIONAL)
 N OF CELLS IN THE MAXIMUM CYCLIC AND UNFOLDED CLUSTERS:  320  975
 N OF VERTICES IN THE UNFOLDED CLUSTER:  2
 TTTTTTTTTTTTTTTTTTTTTTTTTTTTTT SDKVDK      TELAPSE        7.68 TCPU        7.68

 *******************************************************************************
 CYCLE  1, DIPOLE MATRIX ELEMENTS EVALUATED WHEN WANNIER COEFF GT 10**-5
 AUTOMATIC INITIAL GUESS REQUESTED
 TTTTTTTTTTTTTTTTTTTTTTTTTTTTTT WAN0        TELAPSE        9.83 TCPU        9.83
 CLUSTER SIZE =  169 UNIT CELLS
 TTTTTTTTTTTTTTTTTTTTTTTTTTTTTT WANTOL      TELAPSE       10.22 TCPU       10.22
 TTTTTTTTTTTTTTTTTTTTTTTTTTTTTT BOYS1       TELAPSE       49.00 TCPU       49.00

 ATOMIC DELOCALISATION INDEX (BEFORE BOYS)     2.867692212    
 NORM        75.9999971448   (ERR PER WF    0.38E-07)
 BOYS LOCALISED FUNCTIONS AFTER  118 CYCLES (MAX = 500 TOL = 0.1E-07)

 SUM OF THE SQUARES OF THE DISTANCES BETWEEN CENTROIDS = 140374.    
 TTTTTTTTTTTTTTTTTTTTTTTTTTTTTT BOYS3       TELAPSE       49.09 TCPU       49.08
 OMEGA =   91.94183833          ABS(OMEGA(N)-OMEGA(N-1)) =   0.91942E+02
 TTTTTTTTTTTTTTTTTTTTTTTTTTTTTT BOYS1       TELAPSE       53.51 TCPU       53.51

 ATOMIC DELOCALISATION INDEX (AFTER  BOYS)     1.026773266    
 NORM        75.9999971448   (ERR PER WF    0.38E-07)
 TTTTTTTTTTTTTTTTTTTTTTTTTTTTTT WANTST      TELAPSE       53.51 TCPU       53.51

 *******************************************************************************
 CYCLE  2, DIPOLE MATRIX ELEMENTS EVALUATED WHEN WANNIER COEFF GT 10**-5
 TTTTTTTTTTTTTTTTTTTTTTTTTTTTTT WAN0        TELAPSE       55.54 TCPU       55.54
 CLUSTER SIZE =  169 UNIT CELLS
 TTTTTTTTTTTTTTTTTTTTTTTTTTTTTT WANTOL      TELAPSE       55.89 TCPU       55.89
 TTTTTTTTTTTTTTTTTTTTTTTTTTTTTT BOYS1       TELAPSE       93.79 TCPU       93.79

 ATOMIC DELOCALISATION INDEX (BEFORE BOYS)     1.025648387    
 NORM        75.9999997580   (ERR PER WF    0.32E-08)
 BOYS LOCALISED FUNCTIONS AFTER   11 CYCLES (MAX = 500 TOL = 0.1E-07)

 SUM OF THE SQUARES OF THE DISTANCES BETWEEN CENTROIDS = 140391.    
 TTTTTTTTTTTTTTTTTTTTTTTTTTTTTT BOYS3       TELAPSE       93.80 TCPU       93.80
 OMEGA =   89.90338660          ABS(OMEGA(N)-OMEGA(N-1)) =   0.20385E+01
 TTTTTTTTTTTTTTTTTTTTTTTTTTTTTT BOYS1       TELAPSE       98.13 TCPU       98.13

 ATOMIC DELOCALISATION INDEX (AFTER  BOYS)     1.026170119    
 NORM        75.9999997580   (ERR PER WF    0.32E-08)
 TTTTTTTTTTTTTTTTTTTTTTTTTTTTTT WANTST      TELAPSE       98.13 TCPU       98.13

 *******************************************************************************
 CYCLE  3, DIPOLE MATRIX ELEMENTS EVALUATED WHEN WANNIER COEFF GT 10**-5
 TTTTTTTTTTTTTTTTTTTTTTTTTTTTTT WAN0        TELAPSE      100.14 TCPU      100.14
 CLUSTER SIZE =  169 UNIT CELLS
 TTTTTTTTTTTTTTTTTTTTTTTTTTTTTT WANTOL      TELAPSE      100.49 TCPU      100.49
 TTTTTTTTTTTTTTTTTTTTTTTTTTTTTT BOYS1       TELAPSE      138.54 TCPU      138.54

 ATOMIC DELOCALISATION INDEX (BEFORE BOYS)     1.025647075    
 NORM        75.9999997568   (ERR PER WF    0.32E-08)
 BOYS LOCALISED FUNCTIONS AFTER    5 CYCLES (MAX = 500 TOL = 0.1E-07)

 SUM OF THE SQUARES OF THE DISTANCES BETWEEN CENTROIDS = 140391.    
 TTTTTTTTTTTTTTTTTTTTTTTTTTTTTT BOYS3       TELAPSE      138.54 TCPU      138.54
 OMEGA =   89.90328197          ABS(OMEGA(N)-OMEGA(N-1)) =   0.10464E-03
 TTTTTTTTTTTTTTTTTTTTTTTTTTTTTT BOYS1       TELAPSE      142.93 TCPU      142.93

 ATOMIC DELOCALISATION INDEX (AFTER  BOYS)     1.026170092    
 NORM        75.9999997568   (ERR PER WF    0.32E-08)
 TTTTTTTTTTTTTTTTTTTTTTTTTTTTTT WANTST      TELAPSE      142.94 TCPU      142.93

 *******************************************************************************
 FINAL RESULTS 

 WANNIER F LOCALIZATION - CONVERGENCE ACHIEVED     0.2643E-07
 TTTTTTTTTTTTTTTTTTTTTTTTTTTTTT BOYS1       TELAPSE      199.80 TCPU      199.79

 WANNIER ATOMIC POPULATIONS LARGER THAN   0.10E-01 ARE GIVEN
 DATA ARE AS FOLLOWS: ATOM, CELL INDICES AND ATOMIC POPULATION

~~~~~~~~~~~~~~~~~~~~~~~~~~~~~~~~~~~~~~~~~~~~~~~~~~~~~~~~~~~~~~~~~~~~~~~~~~~~~~~~
 WANNIER NUMBER    1 ATOMIC EXTENT  0.9990
 CENTROID'S COORDINATES R0:   -0.43145E+01   -0.22132E+01   -0.18743E+01
 EXPECTATION VALUE OF (R-R0)**2:  0.59189E+00
 SECOND ORDER TENSOR IN CARTESIAN AXES:
         X             Y             Z
 X  0.21885E+00 -0.53927E-01  0.39512E-01
 Y -0.53927E-01  0.21091E+00 -0.25843E-01
 Z  0.39512E-01 -0.25843E-01  0.16213E+00
 TENSOR EIGENVALUES:
 A  0.28645E+00  B  0.16368E+00  C  0.14177E+00
 PRINCIPAL AXES:
         X             Y             Z
 A  0.70075E+00 -0.62066E+00  0.35175E+00
 B  0.52487E+00  0.78247E+00  0.33502E+00
 C -0.48317E+00 -0.50143E-01  0.87409E+00
 NON BONDING WANNIER FUNCTION
 DISTANCE CENTROID-ATOM    3(  0  0  0) :   0.49103E+00
 ATOMIC POPULATION DATA:
  3 ZN(  0  0  0)  1.0005
 A.O. POPULATIONS OF ATOM    3(  0  0  0):
  -0.0000  -0.0043   0.0692   0.0491   0.0015   0.0008  -0.0002   0.0003
   0.0001  -0.0052  -0.0039  -0.0013   0.1430   0.1095   0.0352   0.0356
   0.0275   0.0088   0.0165   0.0350   0.0610   0.0046   0.1749   0.0099
   0.0211   0.0361   0.0027   0.1051   0.0039   0.0084   0.0131   0.0009
   0.0415
~~~~~~~~~~~~~~~~~~~~~~~~~~~~~~~~~~~~~~~~~~~~~~~~~~~~~~~~~~~~~~~~~~~~~~~~~~~~~~~~
 WANNIER NUMBER    2 ATOMIC EXTENT  0.9972
 CENTROID'S COORDINATES R0:   -0.37003E+01    0.27080E+01    0.42056E+01
 EXPECTATION VALUE OF (R-R0)**2:  0.59072E+00
 SECOND ORDER TENSOR IN CARTESIAN AXES:
         X             Y             Z
 X  0.19997E+00  0.32494E-01  0.43987E-01
 Y  0.32494E-01  0.16103E+00  0.38058E-01
 Z  0.43987E-01  0.38058E-01  0.22971E+00
 TENSOR EIGENVALUES:
 A  0.16892E+00  B  0.13992E+00  C  0.28188E+00
 PRINCIPAL AXES:
         X             Y             Z
 A  0.76715E+00  0.11998E+00 -0.63015E+00
 B -0.32970E+00  0.91641E+00 -0.22690E+00
 C  0.55025E+00  0.38183E+00  0.74258E+00
 NON BONDING WANNIER FUNCTION
 DISTANCE CENTROID-ATOM    4(  0  0  0) :   0.48969E+00
 ATOMIC POPULATION DATA:
  4 ZN(  0  0  0)  1.0014
 A.O. POPULATIONS OF ATOM    4(  0  0  0):
  -0.0001  -0.0043   0.0707   0.0499   0.0014  -0.0001   0.0004   0.0000
   0.0003  -0.0033  -0.0014  -0.0056   0.0911   0.0399   0.1564   0.0229
   0.0100   0.0388   0.0183   0.1745   0.0719   0.0013   0.0261   0.0109
   0.1048   0.0424   0.0008   0.0157   0.0041   0.0419   0.0153   0.0003
   0.0062
~~~~~~~~~~~~~~~~~~~~~~~~~~~~~~~~~~~~~~~~~~~~~~~~~~~~~~~~~~~~~~~~~~~~~~~~~~~~~~~~
 WANNIER NUMBER    3 ATOMIC EXTENT  0.9994
 CENTROID'S COORDINATES R0:   -0.43451E+01    0.22016E+01    0.37987E+01
 EXPECTATION VALUE OF (R-R0)**2:  0.59439E+00
 SECOND ORDER TENSOR IN CARTESIAN AXES:
         X             Y             Z
 X  0.23014E+00  0.69354E-01  0.16301E-01
 Y  0.69354E-01  0.20539E+00 -0.34259E-04
 Z  0.16301E-01 -0.34259E-04  0.15886E+00
 TENSOR EIGENVALUES:
 A  0.28941E+00  B  0.14083E+00  C  0.16414E+00
 PRINCIPAL AXES:
         X             Y             Z
 A  0.76769E+00  0.63364E+00  0.95689E-01
 B -0.57964E+00  0.62295E+00  0.52531E+00
 C  0.27324E+00 -0.45874E+00  0.84552E+00
 NON BONDING WANNIER FUNCTION
 DISTANCE CENTROID-ATOM    4(  0  0  0) :   0.49006E+00
 ATOMIC POPULATION DATA:
  4 ZN(  0  0  0)  1.0003
 A.O. POPULATIONS OF ATOM    4(  0  0  0):
  -0.0000  -0.0043   0.0691   0.0491   0.0014   0.0009  -0.0002   0.0001
   0.0001  -0.0062  -0.0043  -0.0001   0.1705   0.1163   0.0022   0.0425
   0.0290   0.0006   0.0866   0.0012   0.0117   0.0056   0.1857   0.0518
   0.0007   0.0070   0.0033   0.1116   0.0200   0.0003   0.0027   0.0010
   0.0441
~~~~~~~~~~~~~~~~~~~~~~~~~~~~~~~~~~~~~~~~~~~~~~~~~~~~~~~~~~~~~~~~~~~~~~~~~~~~~~~~
 WANNIER NUMBER    4 ATOMIC EXTENT  1.0000
 CENTROID'S COORDINATES R0:   -0.39395E+01   -0.25500E+01   -0.17855E+01
 EXPECTATION VALUE OF (R-R0)**2:  0.41861E-01
 SECOND ORDER TENSOR IN CARTESIAN AXES:
         X             Y             Z
 X  0.12991E-01 -0.46451E-03 -0.13080E-02
 Y -0.46451E-03  0.12930E-01  0.12151E-02
 Z -0.13080E-02  0.12151E-02  0.15940E-01
 TENSOR EIGENVALUES:
 A  0.12502E-01  B  0.12493E-01  C  0.16866E-01
 PRINCIPAL AXES:
         X             Y             Z
 A  0.24398E+00 -0.88146E+00  0.40435E+00
 B  0.90926E+00  0.35291E+00  0.22068E+00
 C -0.33722E+00  0.31381E+00  0.88758E+00
 NON BONDING WANNIER FUNCTION
 DISTANCE CENTROID-ATOM    3(  0  0  0) :   0.10214E+00
 ATOMIC POPULATION DATA:
  3 ZN(  0  0  0)  1.0000
 A.O. POPULATIONS OF ATOM    3(  0  0  0):
  -0.0063   0.2658  -0.0035  -0.0063   0.0003  -0.0001  -0.0000  -0.0000
  -0.0000   0.0873   0.0757   0.6077  -0.0024  -0.0021  -0.0164   0.0000
   0.0000   0.0001   0.0000   0.0000   0.0000   0.0000   0.0000   0.0000
   0.0000   0.0000   0.0000   0.0000   0.0000   0.0000   0.0000   0.0000
   0.0000
~~~~~~~~~~~~~~~~~~~~~~~~~~~~~~~~~~~~~~~~~~~~~~~~~~~~~~~~~~~~~~~~~~~~~~~~~~~~~~~~
 WANNIER NUMBER    5 ATOMIC EXTENT  1.0000
 CENTROID'S COORDINATES R0:   -0.39739E+01    0.25180E+01    0.38468E+01
 EXPECTATION VALUE OF (R-R0)**2:  0.45789E-02
 SECOND ORDER TENSOR IN CARTESIAN AXES:
         X             Y             Z
 X  0.15260E-02  0.15652E-06  0.69045E-07
 Y  0.15652E-06  0.15268E-02  0.13894E-06
 Z  0.69045E-07  0.13894E-06  0.15262E-02
 TENSOR EIGENVALUES:
 A  0.15259E-02  B  0.15268E-02  C  0.15261E-02
 PRINCIPAL AXES:
         X             Y             Z
 A  0.97149E+00 -0.13543E+00 -0.19461E+00
 B  0.17669E+00  0.96086E+00  0.21336E+00
 C  0.15810E+00 -0.24167E+00  0.95739E+00
 NON BONDING WANNIER FUNCTION
 DISTANCE CENTROID-ATOM    4(  0  0  0) :   0.32597E-06
 ATOMIC POPULATION DATA:
  4 ZN(  0  0  0)  1.0000
 A.O. POPULATIONS OF ATOM    4(  0  0  0):
   1.0253  -0.0251  -0.0007   0.0005  -0.0001   0.0000   0.0000   0.0000
  -0.0000   0.0000   0.0000   0.0000   0.0000   0.0000   0.0000  -0.0000
   0.0000   0.0000   0.0000   0.0000   0.0000   0.0000   0.0000   0.0000
   0.0000   0.0000  -0.0000   0.0000  -0.0000   0.0000  -0.0000  -0.0000
   0.0000
~~~~~~~~~~~~~~~~~~~~~~~~~~~~~~~~~~~~~~~~~~~~~~~~~~~~~~~~~~~~~~~~~~~~~~~~~~~~~~~~
 WANNIER NUMBER    6 ATOMIC EXTENT  1.0000
 CENTROID'S COORDINATES R0:   -0.39739E+01   -0.25180E+01   -0.16948E+01
 EXPECTATION VALUE OF (R-R0)**2:  0.45784E-02
 SECOND ORDER TENSOR IN CARTESIAN AXES:
         X             Y             Z
 X  0.15243E-02 -0.46837E-06  0.90651E-07
 Y -0.46837E-06  0.15271E-02 -0.11958E-06
 Z  0.90651E-07 -0.11958E-06  0.15271E-02
 TENSOR EIGENVALUES:
 A  0.15242E-02  B  0.15272E-02  C  0.15270E-02
 PRINCIPAL AXES:
         X             Y             Z
 A  0.98649E+00  0.16202E+00 -0.24316E-01
 B -0.13973E+00  0.75458E+00 -0.64116E+00
 C -0.85531E-01  0.63589E+00  0.76702E+00
 NON BONDING WANNIER FUNCTION
 DISTANCE CENTROID-ATOM    3(  0  0  0) :   0.17763E-06
 ATOMIC POPULATION DATA:
  3 ZN(  0  0  0)  1.0000
 A.O. POPULATIONS OF ATOM    3(  0  0  0):
   1.0253  -0.0251  -0.0007   0.0005  -0.0001   0.0000   0.0000   0.0000
   0.0000   0.0000   0.0000   0.0000   0.0000   0.0000  -0.0000  -0.0000
   0.0000  -0.0000   0.0000   0.0000   0.0000   0.0000   0.0000   0.0000
   0.0000   0.0000   0.0000   0.0000  -0.0000   0.0000  -0.0000  -0.0000
   0.0000
~~~~~~~~~~~~~~~~~~~~~~~~~~~~~~~~~~~~~~~~~~~~~~~~~~~~~~~~~~~~~~~~~~~~~~~~~~~~~~~~
 WANNIER NUMBER    7 ATOMIC EXTENT  1.0000
 CENTROID'S COORDINATES R0:   -0.39165E+01    0.25827E+01    0.39010E+01
 EXPECTATION VALUE OF (R-R0)**2:  0.41822E-01
 SECOND ORDER TENSOR IN CARTESIAN AXES:
         X             Y             Z
 X  0.13902E-01  0.15535E-02  0.12789E-02
 Y  0.15535E-02  0.14215E-01  0.14461E-02
 Z  0.12789E-02  0.14461E-02  0.13705E-01
 TENSOR EIGENVALUES:
 A  0.12483E-01  B  0.16817E-01  C  0.12521E-01
 PRINCIPAL AXES:
         X             Y             Z
 A  0.38487E+00 -0.77016E+00  0.50866E+00
 B  0.56803E+00  0.63202E+00  0.52715E+00
 C -0.72747E+00  0.86050E-01  0.68072E+00
 NON BONDING WANNIER FUNCTION
 DISTANCE CENTROID-ATOM    4(  0  0  0) :   0.10216E+00
 ATOMIC POPULATION DATA:
  4 ZN(  0  0  0)  1.0000
 A.O. POPULATIONS OF ATOM    4(  0  0  0):
  -0.0063   0.2658  -0.0035  -0.0063   0.0004  -0.0001  -0.0000  -0.0000
  -0.0000   0.2435   0.3097   0.2173  -0.0066  -0.0083  -0.0058   0.0000
   0.0000   0.0000   0.0000   0.0000   0.0000   0.0000   0.0000   0.0000
   0.0000   0.0000   0.0000   0.0000   0.0000   0.0000   0.0000   0.0000
   0.0000
~~~~~~~~~~~~~~~~~~~~~~~~~~~~~~~~~~~~~~~~~~~~~~~~~~~~~~~~~~~~~~~~~~~~~~~~~~~~~~~~
 WANNIER NUMBER    8 ATOMIC EXTENT  0.9930
 CENTROID'S COORDINATES R0:   -0.39939E+01   -0.21297E+01   -0.14447E+01
 EXPECTATION VALUE OF (R-R0)**2:  0.62676E+00
 SECOND ORDER TENSOR IN CARTESIAN AXES:
         X             Y             Z
 X  0.13889E+00 -0.73996E-02 -0.56429E-03
 Y -0.73996E-02  0.26880E+00  0.60798E-01
 Z -0.56429E-03  0.60798E-01  0.21907E+00
 TENSOR EIGENVALUES:
 A  0.13831E+00  B  0.30986E+00  C  0.17858E+00
 PRINCIPAL AXES:
         X             Y             Z
 A  0.99513E+00  0.81932E-01 -0.54730E-01
 B -0.37767E-01  0.83022E+00  0.55616E+00
 C  0.91005E-01 -0.55138E+00  0.82927E+00
 NON BONDING WANNIER FUNCTION
 DISTANCE CENTROID-ATOM    3(  0  0  0) :   0.46230E+00
 ATOMIC POPULATION DATA:
  3 ZN(  0  0  0)  1.0035
 A.O. POPULATIONS OF ATOM    3(  0  0  0):
  -0.0000  -0.0038   0.0610   0.0430   0.0011  -0.0008  -0.0000   0.0002
   0.0001  -0.0000  -0.0065  -0.0028   0.0005   0.1771   0.0730   0.0001
   0.0440   0.0183   0.0078   0.0012   0.2400   0.0825   0.0005   0.0046
   0.0007   0.1416   0.0491   0.0003   0.0018   0.0003   0.0503   0.0181
   0.0001
~~~~~~~~~~~~~~~~~~~~~~~~~~~~~~~~~~~~~~~~~~~~~~~~~~~~~~~~~~~~~~~~~~~~~~~~~~~~~~~~
 WANNIER NUMBER    9 ATOMIC EXTENT  1.0000
 CENTROID'S COORDINATES R0:   -0.39061E+01   -0.25420E+01   -0.16223E+01
 EXPECTATION VALUE OF (R-R0)**2:  0.41824E-01
 SECOND ORDER TENSOR IN CARTESIAN AXES:
         X             Y             Z
 X  0.14417E-01 -0.69619E-03  0.20249E-02
 Y -0.69619E-03  0.12746E-01 -0.72435E-03
 Z  0.20249E-02 -0.72435E-03  0.14661E-01
 TENSOR EIGENVALUES:
 A  0.16816E-01  B  0.12493E-01  C  0.12516E-01
 PRINCIPAL AXES:
         X             Y             Z
 A  0.66600E+00 -0.23966E+00  0.70640E+00
 B  0.49346E+00  0.85172E+00 -0.17628E+00
 C -0.55941E+00  0.46598E+00  0.68551E+00
 NON BONDING WANNIER FUNCTION
 DISTANCE CENTROID-ATOM    3(  0  0  0) :   0.10216E+00
 ATOMIC POPULATION DATA:
  3 ZN(  0  0  0)  1.0000
 A.O. POPULATIONS OF ATOM    3(  0  0  0):
  -0.0063   0.2658  -0.0035  -0.0063   0.0004  -0.0001  -0.0000  -0.0000
  -0.0000   0.3392   0.0428   0.3886  -0.0091  -0.0012  -0.0104   0.0000
   0.0000   0.0000   0.0000   0.0000   0.0000   0.0000   0.0000   0.0000
   0.0000   0.0000   0.0000   0.0000   0.0000   0.0000   0.0000   0.0000
   0.0000
~~~~~~~~~~~~~~~~~~~~~~~~~~~~~~~~~~~~~~~~~~~~~~~~~~~~~~~~~~~~~~~~~~~~~~~~~~~~~~~~
 WANNIER NUMBER   10 ATOMIC EXTENT  1.0000
 CENTROID'S COORDINATES R0:   -0.39952E+01    0.24357E+01    0.39034E+01
 EXPECTATION VALUE OF (R-R0)**2:  0.41853E-01
 SECOND ORDER TENSOR IN CARTESIAN AXES:
         X             Y             Z
 X  0.12671E-01  0.73308E-03 -0.52374E-03
 Y  0.73308E-03  0.15320E-01 -0.19787E-02
 Z -0.52374E-03 -0.19787E-02  0.13861E-01
 TENSOR EIGENVALUES:
 A  0.12491E-01  B  0.16892E-01  C  0.12470E-01
 PRINCIPAL AXES:
         X             Y             Z
 A  0.64945E+00 -0.54154E+00 -0.53380E+00
 B  0.20876E+00  0.80201E+00 -0.55965E+00
 C  0.73119E+00  0.25203E+00  0.63391E+00
 NON BONDING WANNIER FUNCTION
 DISTANCE CENTROID-ATOM    4(  0  0  0) :   0.10215E+00
 ATOMIC POPULATION DATA:
  4 ZN(  0  0  0)  1.0000
 A.O. POPULATIONS OF ATOM    4(  0  0  0):
  -0.0063   0.2658  -0.0035  -0.0063   0.0003  -0.0001  -0.0000  -0.0000
  -0.0000   0.0335   0.5001   0.2370  -0.0009  -0.0135  -0.0064   0.0000
   0.0001   0.0000   0.0000   0.0000   0.0000   0.0000   0.0000   0.0000
   0.0000   0.0000   0.0000   0.0000   0.0000   0.0000   0.0000   0.0000
   0.0000
~~~~~~~~~~~~~~~~~~~~~~~~~~~~~~~~~~~~~~~~~~~~~~~~~~~~~~~~~~~~~~~~~~~~~~~~~~~~~~~~
 WANNIER NUMBER   11 ATOMIC EXTENT  0.9999
 CENTROID'S COORDINATES R0:   -0.39739E+01   -0.43175E+00   -0.49104E+01
 EXPECTATION VALUE OF (R-R0)**2:  0.45482E-01
 SECOND ORDER TENSOR IN CARTESIAN AXES:
         X             Y             Z
 X  0.15077E-01 -0.47315E-06  0.31115E-06
 Y -0.47315E-06  0.15207E-01 -0.73532E-04
 Z  0.31115E-06 -0.73532E-04  0.15198E-01
 TENSOR EIGENVALUES:
 A  0.15077E-01  B  0.15276E-01  C  0.15129E-01
 PRINCIPAL AXES:
         X             Y             Z
 A  0.99999E+00  0.33362E-02 -0.54670E-03
 B -0.28069E-02  0.72920E+00 -0.68429E+00
 C -0.18843E-02  0.68429E+00  0.72921E+00
 NON BONDING WANNIER FUNCTION
 DISTANCE CENTROID-ATOM   11(  0  0  0) :   0.34786E-04
 ATOMIC POPULATION DATA:
 11 F (  0  0  0)  1.0000
 A.O. POPULATIONS OF ATOM   11(  0  0  0):
   0.3815   0.6289   0.0029  -0.0118  -0.0015   0.0000   0.0000   0.0000
   0.0000   0.0000   0.0000   0.0000   0.0000   0.0000   0.0000   0.0000
   0.0000   0.0000   0.0000
~~~~~~~~~~~~~~~~~~~~~~~~~~~~~~~~~~~~~~~~~~~~~~~~~~~~~~~~~~~~~~~~~~~~~~~~~~~~~~~~
 WANNIER NUMBER   12 ATOMIC EXTENT  1.1339
 CENTROID'S COORDINATES R0:   -0.39774E+01   -0.12682E+00    0.46497E+00
 EXPECTATION VALUE OF (R-R0)**2:  0.16831E+01
 SECOND ORDER TENSOR IN CARTESIAN AXES:
         X             Y             Z
 X  0.44453E+00  0.29618E-02  0.10547E-02
 Y  0.29618E-02  0.74967E+00  0.11666E+00
 Z  0.10547E-02  0.11666E+00  0.48890E+00
 TENSOR EIGENVALUES:
 A  0.44453E+00  B  0.79427E+00  C  0.44430E+00
 PRINCIPAL AXES:
         X             Y             Z
 A  0.93826E+00  0.11555E+00 -0.32606E+00
 B  0.89867E-02  0.93410E+00  0.35689E+00
 C  0.34582E+00 -0.33779E+00  0.87539E+00
 BONDING WANNIER FUNCTION BETWEEN ATOMS:
 A:  12 F (  0  0  0) X -0.397391E+01 Y  0.431780E+00 Z  0.631189E+00 (AU)
 B:   3 ZN(  0  0  0) X -0.397391E+01 Y -0.251798E+01 Z -0.169484E+01 (AU)
 DISTANCE OF THE CENTROID FROM THE ATOMS A,B AND FROM THE A-B BOND:
  0.58281E+00  0.32222E+01  0.21539E+00
 POLARISATION FRACTION (0: COVALENT; 1: VERY IONIC)  0.71167E+00
 ATOMIC POPULATION DATA:
  3 ZN(  0  0  0)  0.0555  12 F (  0  0  0)  0.9374
 A.O. POPULATIONS OF ATOM    3(  0  0  0):
  -0.0000  -0.0000   0.0007  -0.0014   0.0040   0.0201   0.0000   0.0131
   0.0160  -0.0000  -0.0000  -0.0000   0.0000   0.0004   0.0003   0.0000
   0.0001  -0.0000   0.0000   0.0000   0.0002   0.0000   0.0000  -0.0000
   0.0000  -0.0002  -0.0000   0.0000   0.0001   0.0000   0.0018   0.0004
   0.0000
 A.O. POPULATIONS OF ATOM   12(  0  0  0):
   0.0015  -0.0077   0.0665   0.1177   0.0711   0.0000   0.2071   0.0136
   0.0000   0.2027   0.0134   0.0000   0.2346   0.0168  -0.0000   0.0000
   0.0000   0.0000  -0.0000
~~~~~~~~~~~~~~~~~~~~~~~~~~~~~~~~~~~~~~~~~~~~~~~~~~~~~~~~~~~~~~~~~~~~~~~~~~~~~~~~
 WANNIER NUMBER   13 ATOMIC EXTENT  1.0000
 CENTROID'S COORDINATES R0:   -0.39739E+01   -0.49227E+01    0.11947E+01
 EXPECTATION VALUE OF (R-R0)**2:  0.45407E-01
 SECOND ORDER TENSOR IN CARTESIAN AXES:
         X             Y             Z
 X  0.15128E-01  0.15165E-05  0.21340E-05
 Y  0.15165E-05  0.15116E-01 -0.16843E-04
 Z  0.21340E-05 -0.16843E-04  0.15162E-01
 TENSOR EIGENVALUES:
 A  0.15129E-01  B  0.15110E-01  C  0.15168E-01
 PRINCIPAL AXES:
         X             Y             Z
 A  0.99245E+00  0.12261E+00 -0.15086E-02
 B -0.11604E+00  0.94310E+00  0.31160E+00
 C  0.39627E-01 -0.30908E+00  0.95021E+00
 NON BONDING WANNIER FUNCTION
 DISTANCE CENTROID-ATOM    7(  0  0  0) :   0.93146E-04
 ATOMIC POPULATION DATA:
  7 F (  0  0  0)  1.0000
 A.O. POPULATIONS OF ATOM    7(  0  0  0):
   0.3815   0.6290   0.0028  -0.0117  -0.0016   0.0000   0.0000   0.0000
   0.0000   0.0000   0.0000   0.0000   0.0000   0.0000   0.0000   0.0000
   0.0000  -0.0000   0.0000
~~~~~~~~~~~~~~~~~~~~~~~~~~~~~~~~~~~~~~~~~~~~~~~~~~~~~~~~~~~~~~~~~~~~~~~~~~~~~~~~
 WANNIER NUMBER   14 ATOMIC EXTENT  1.0000
 CENTROID'S COORDINATES R0:   -0.39739E+01    0.49227E+01   -0.43469E+01
 EXPECTATION VALUE OF (R-R0)**2:  0.45403E-01
 SECOND ORDER TENSOR IN CARTESIAN AXES:
         X             Y             Z
 X  0.15129E-01 -0.11385E-05  0.25081E-05
 Y -0.11385E-05  0.15115E-01  0.14771E-04
 Z  0.25081E-05  0.14771E-04  0.15159E-01
 TENSOR EIGENVALUES:
 A  0.15129E-01  B  0.15111E-01  C  0.15163E-01
 PRINCIPAL AXES:
         X             Y             Z
 A  0.99320E+00 -0.11315E+00 -0.27505E-01
 B  0.99979E-01  0.94972E+00 -0.29672E+00
 C  0.59696E-01  0.29195E+00  0.95457E+00
 NON BONDING WANNIER FUNCTION
 DISTANCE CENTROID-ATOM    8(  0  0  0) :   0.94074E-04
 ATOMIC POPULATION DATA:
  8 F (  0  0  0)  1.0000
 A.O. POPULATIONS OF ATOM    8(  0  0  0):
   0.3815   0.6290   0.0028  -0.0117  -0.0016   0.0000   0.0000   0.0000
   0.0000   0.0000   0.0000   0.0000   0.0000   0.0000   0.0000   0.0000
   0.0000  -0.0000   0.0000
~~~~~~~~~~~~~~~~~~~~~~~~~~~~~~~~~~~~~~~~~~~~~~~~~~~~~~~~~~~~~~~~~~~~~~~~~~~~~~~~
 WANNIER NUMBER   15 ATOMIC EXTENT  1.0000
 CENTROID'S COORDINATES R0:   -0.39739E+01   -0.53669E+01   -0.41921E+01
 EXPECTATION VALUE OF (R-R0)**2:  0.45395E-01
 SECOND ORDER TENSOR IN CARTESIAN AXES:
         X             Y             Z
 X  0.15114E-01  0.40403E-06  0.22605E-06
 Y  0.40403E-06  0.15142E-01  0.15995E-05
 Z  0.22605E-06  0.15995E-05  0.15139E-01
 TENSOR EIGENVALUES:
 A  0.15114E-01  B  0.15143E-01  C  0.15138E-01
 PRINCIPAL AXES:
         X             Y             Z
 A  0.99987E+00 -0.13759E-01 -0.82710E-02
 B  0.15774E-01  0.93780E+00  0.34681E+00
 C  0.29849E-02 -0.34690E+00  0.93790E+00
 NON BONDING WANNIER FUNCTION
 DISTANCE CENTROID-ATOM    5(  0  0  0) :   0.92982E-04
 ATOMIC POPULATION DATA:
  5 F (  0  0  0)  1.0000
 A.O. POPULATIONS OF ATOM    5(  0  0  0):
   0.3815   0.6290   0.0028  -0.0117  -0.0016   0.0000   0.0000   0.0000
   0.0000   0.0000   0.0000   0.0000   0.0000   0.0000   0.0000   0.0000
  -0.0000   0.0000  -0.0000
~~~~~~~~~~~~~~~~~~~~~~~~~~~~~~~~~~~~~~~~~~~~~~~~~~~~~~~~~~~~~~~~~~~~~~~~~~~~~~~~
 WANNIER NUMBER   16 ATOMIC EXTENT  1.0000
 CENTROID'S COORDINATES R0:   -0.39739E+01    0.53669E+01    0.13495E+01
 EXPECTATION VALUE OF (R-R0)**2:  0.45397E-01
 SECOND ORDER TENSOR IN CARTESIAN AXES:
         X             Y             Z
 X  0.15116E-01 -0.15578E-05 -0.12473E-05
 Y -0.15578E-05  0.15142E-01 -0.51078E-06
 Z -0.12473E-05 -0.51078E-06  0.15138E-01
 TENSOR EIGENVALUES:
 A  0.15116E-01  B  0.15142E-01  C  0.15138E-01
 PRINCIPAL AXES:
         X             Y             Z
 A  0.99643E+00  0.61275E-01  0.58038E-01
 B -0.54724E-01  0.99260E+00 -0.10843E+00
 C -0.64252E-01  0.10487E+00  0.99241E+00
 NON BONDING WANNIER FUNCTION
 DISTANCE CENTROID-ATOM    6(  0  0  0) :   0.93114E-04
 ATOMIC POPULATION DATA:
  6 F (  0  0  0)  1.0000
 A.O. POPULATIONS OF ATOM    6(  0  0  0):
   0.3815   0.6290   0.0028  -0.0117  -0.0016   0.0000   0.0000   0.0000
   0.0000   0.0000   0.0000   0.0000   0.0000   0.0000   0.0000   0.0000
  -0.0000   0.0000   0.0000
~~~~~~~~~~~~~~~~~~~~~~~~~~~~~~~~~~~~~~~~~~~~~~~~~~~~~~~~~~~~~~~~~~~~~~~~~~~~~~~~
 WANNIER NUMBER   17 ATOMIC EXTENT  1.0000
 CENTROID'S COORDINATES R0:   -0.23596E-05    0.21961E+01    0.37619E+01
 EXPECTATION VALUE OF (R-R0)**2:  0.45428E-01
 SECOND ORDER TENSOR IN CARTESIAN AXES:
         X             Y             Z
 X  0.15258E-01  0.12162E-05  0.29786E-05
 Y  0.12162E-05  0.15072E-01  0.18426E-05
 Z  0.29786E-05  0.18426E-05  0.15099E-01
 TENSOR EIGENVALUES:
 A  0.15258E-01  B  0.15072E-01  C  0.15099E-01
 PRINCIPAL AXES:
         X             Y             Z
 A  0.99980E+00  0.67164E-02  0.18773E-01
 B -0.54419E-02  0.99773E+00 -0.67133E-01
 C -0.19182E-01  0.67018E-01  0.99757E+00
 NON BONDING WANNIER FUNCTION
 DISTANCE CENTROID-ATOM    9(  0  0  0) :   0.38422E-04
 ATOMIC POPULATION DATA:
  9 F (  0  0  0)  1.0000
 A.O. POPULATIONS OF ATOM    9(  0  0  0):
   0.3815   0.6290   0.0028  -0.0117  -0.0016   0.0000   0.0000   0.0000
   0.0000   0.0000   0.0000   0.0000   0.0000   0.0000   0.0000  -0.0000
   0.0000   0.0000   0.0000
~~~~~~~~~~~~~~~~~~~~~~~~~~~~~~~~~~~~~~~~~~~~~~~~~~~~~~~~~~~~~~~~~~~~~~~~~~~~~~~~
 WANNIER NUMBER   18 ATOMIC EXTENT  1.0000
 CENTROID'S COORDINATES R0:   -0.33000E-06   -0.21961E+01   -0.17797E+01
 EXPECTATION VALUE OF (R-R0)**2:  0.45431E-01
 SECOND ORDER TENSOR IN CARTESIAN AXES:
         X             Y             Z
 X  0.15258E-01 -0.15082E-06  0.76725E-06
 Y -0.15082E-06  0.15072E-01 -0.93097E-06
 Z  0.76725E-06 -0.93097E-06  0.15100E-01
 TENSOR EIGENVALUES:
 A  0.15258E-01  B  0.15072E-01  C  0.15100E-01
 PRINCIPAL AXES:
         X             Y             Z
 A  0.99999E+00 -0.83433E-03  0.48280E-02
 B  0.67337E-03  0.99945E+00  0.33246E-01
 C -0.48531E-02 -0.33242E-01  0.99944E+00
 NON BONDING WANNIER FUNCTION
 DISTANCE CENTROID-ATOM   10(  0  0  0) :   0.38566E-04
 ATOMIC POPULATION DATA:
 10 F (  0  0  0)  1.0000
 A.O. POPULATIONS OF ATOM   10(  0  0  0):
   0.3815   0.6290   0.0028  -0.0117  -0.0016   0.0000   0.0000   0.0000
   0.0000   0.0000   0.0000   0.0000   0.0000   0.0000   0.0000   0.0000
   0.0000   0.0000  -0.0000
~~~~~~~~~~~~~~~~~~~~~~~~~~~~~~~~~~~~~~~~~~~~~~~~~~~~~~~~~~~~~~~~~~~~~~~~~~~~~~~~
 WANNIER NUMBER   19 ATOMIC EXTENT  1.0000
 CENTROID'S COORDINATES R0:   -0.40609E+01    0.25641E+01    0.38197E+01
 EXPECTATION VALUE OF (R-R0)**2:  0.41843E-01
 SECOND ORDER TENSOR IN CARTESIAN AXES:
         X             Y             Z
 X  0.15647E-01 -0.16773E-02  0.99153E-03
 Y -0.16773E-02  0.13401E-01 -0.54758E-03
 Z  0.99153E-03 -0.54758E-03  0.12795E-01
 TENSOR EIGENVALUES:
 A  0.16858E-01  B  0.12513E-01  C  0.12472E-01
 PRINCIPAL AXES:
         X             Y             Z
 A  0.84931E+00 -0.45453E+00  0.26846E+00
 B  0.52758E+00  0.74837E+00 -0.40200E+00
 C -0.18192E-01  0.48305E+00  0.87540E+00
 NON BONDING WANNIER FUNCTION
 DISTANCE CENTROID-ATOM    4(  0  0  0) :   0.10212E+00
 ATOMIC POPULATION DATA:
  4 ZN(  0  0  0)  1.0000
 A.O. POPULATIONS OF ATOM    4(  0  0  0):
  -0.0063   0.2656  -0.0035  -0.0063   0.0003  -0.0001  -0.0000  -0.0000
  -0.0000   0.5593   0.1573   0.0542  -0.0150  -0.0043  -0.0015   0.0001
   0.0000   0.0000   0.0000   0.0000   0.0000   0.0000   0.0000   0.0000
   0.0000   0.0000   0.0000   0.0000   0.0000   0.0000   0.0000   0.0000
   0.0000
~~~~~~~~~~~~~~~~~~~~~~~~~~~~~~~~~~~~~~~~~~~~~~~~~~~~~~~~~~~~~~~~~~~~~~~~~~~~~~~~
 WANNIER NUMBER   20 ATOMIC EXTENT  1.0000
 CENTROID'S COORDINATES R0:   -0.39868E+01   -0.24167E+01   -0.16972E+01
 EXPECTATION VALUE OF (R-R0)**2:  0.41872E-01
 SECOND ORDER TENSOR IN CARTESIAN AXES:
         X             Y             Z
 X  0.12535E-01 -0.54775E-03  0.47543E-05
 Y -0.54775E-03  0.16834E-01 -0.58181E-04
 Z  0.47543E-05 -0.58181E-04  0.12503E-01
 TENSOR EIGENVALUES:
 A  0.12466E-01  B  0.16904E-01  C  0.12502E-01
 PRINCIPAL AXES:
         X             Y             Z
 A  0.98969E+00  0.12503E+00  0.69832E-01
 B -0.12440E+00  0.99214E+00 -0.13250E-01
 C -0.70940E-01  0.44261E-02  0.99747E+00
 NON BONDING WANNIER FUNCTION
 DISTANCE CENTROID-ATOM    3(  0  0  0) :   0.10210E+00
 ATOMIC POPULATION DATA:
  3 ZN(  0  0  0)  1.0000
 A.O. POPULATIONS OF ATOM    3(  0  0  0):
  -0.0063   0.2656  -0.0035  -0.0062   0.0003  -0.0001  -0.0000  -0.0000
   0.0000   0.0122   0.7583   0.0004  -0.0003  -0.0205  -0.0000   0.0000
   0.0001  -0.0000   0.0000   0.0000   0.0000   0.0000   0.0000   0.0000
   0.0000   0.0000   0.0000   0.0000   0.0000   0.0000   0.0000   0.0000
   0.0000
~~~~~~~~~~~~~~~~~~~~~~~~~~~~~~~~~~~~~~~~~~~~~~~~~~~~~~~~~~~~~~~~~~~~~~~~~~~~~~~~
 WANNIER NUMBER   21 ATOMIC EXTENT  1.0000
 CENTROID'S COORDINATES R0:   -0.40632E+01   -0.25632E+01   -0.16744E+01
 EXPECTATION VALUE OF (R-R0)**2:  0.41803E-01
 SECOND ORDER TENSOR IN CARTESIAN AXES:
         X             Y             Z
 X  0.15805E-01  0.16917E-02 -0.75893E-03
 Y  0.16917E-02  0.13344E-01 -0.39753E-03
 Z -0.75893E-03 -0.39753E-03  0.12653E-01
 TENSOR EIGENVALUES:
 A  0.16842E-01  B  0.12490E-01  C  0.12470E-01
 PRINCIPAL AXES:
         X             Y             Z
 A  0.87287E+00  0.44491E+00 -0.20037E+00
 B -0.46767E+00  0.64569E+00 -0.60363E+00
 C -0.13918E+00  0.62060E+00  0.77168E+00
 NON BONDING WANNIER FUNCTION
 DISTANCE CENTROID-ATOM    3(  0  0  0) :   0.10214E+00
 ATOMIC POPULATION DATA:
  3 ZN(  0  0  0)  1.0000
 A.O. POPULATIONS OF ATOM    3(  0  0  0):
  -0.0063   0.2658  -0.0035  -0.0063   0.0004  -0.0001  -0.0000  -0.0000
  -0.0000   0.5888   0.1509   0.0309  -0.0158  -0.0041  -0.0008   0.0001
   0.0000   0.0000   0.0000   0.0000   0.0000   0.0000   0.0000   0.0000
   0.0000   0.0000   0.0000   0.0000   0.0000   0.0000   0.0000   0.0000
   0.0000
~~~~~~~~~~~~~~~~~~~~~~~~~~~~~~~~~~~~~~~~~~~~~~~~~~~~~~~~~~~~~~~~~~~~~~~~~~~~~~~~
 WANNIER NUMBER   22 ATOMIC EXTENT  0.9976
 CENTROID'S COORDINATES R0:   -0.42786E+01    0.28255E+01    0.40781E+01
 EXPECTATION VALUE OF (R-R0)**2:  0.58987E+00
 SECOND ORDER TENSOR IN CARTESIAN AXES:
         X             Y             Z
 X  0.19960E+00 -0.57772E-01 -0.33400E-01
 Y -0.57772E-01  0.19895E+00  0.35299E-01
 Z -0.33400E-01  0.35299E-01  0.19132E+00
 TENSOR EIGENVALUES:
 A  0.28283E+00  B  0.14143E+00  C  0.16561E+00
 PRINCIPAL AXES:
         X             Y             Z
 A  0.62284E+00 -0.62627E+00 -0.46888E+00
 B  0.68915E+00  0.72288E+00 -0.50095E-01
 C  0.37032E+00 -0.29193E+00  0.88184E+00
 NON BONDING WANNIER FUNCTION
 DISTANCE CENTROID-ATOM    4(  0  0  0) :   0.49086E+00
 ATOMIC POPULATION DATA:
