Date: 2025-01-24 17:07:06
Running on: AGKraus-Super-Server
Temporary directory: /scratch/sachs//CRY_3585451
Executable: /Data/Software/crystal/crystal23/bin/Linux-ifort_i64/v1.0.1_openmpi//properties
Output: /Data/Sachs/projekte/ferroelectric_fluorides/calculations/BaZnF4_oS24_SG63_PBE0_tzvp_wannier/3.prop.out
Properties input data 3.d3
NEWK
0 8
8 8 5
1 0
LOCALI
END
END
END
Creating temporary directory /scratch/sachs//CRY_3585451 on node AGKraus-Super-Server
SCF wavefunction 3.w is available as /scratch/sachs//CRY_3585451/fort.9

         
 *******************************************************************************
 *                                                                             *
 *                               CRYSTAL23                                     *
 *                      public : 1.0.1 - October 2022                          *
 *                       HTTP://WWW.CRYSTAL.UNITO.IT                           *
 *                                                                             *
 *                              MAIN AUTHORS                                   *
 *                                                                             *
 *  R. DOVESI(1,11), V.R. SAUNDERS(2), C. ROETTI(1,11), R. ORLANDO(1,11),      *
 *  C.M. ZICOVICH-WILSON(1,3), F. PASCALE(4), B. CIVALLERI(1,11),              *
 *  K. DOLL(5), N.M. HARRISON(6), I.J. BUSH(7), Ph. D'ARCO(8),                 *
 *  M. LLUNELL(9), M. CAUSA'(10), Y. NOEL(8), L. MASCHIO(1,11), A. ERBA(1,11)  *
 *  M. RE'RAT(14), S. CASASSA(1,11), B.G. SEARLE(2), J.K. DESMARAIS(1)         *
 *                                                                             *
 *        CONTRIBUTIONS TO THE CODE HAVE ALSO BEEN GIVEN BY                    *
 *                                                                             *
 *  M. FERRABONE(1,11), M. DE LA PIERRE(1,11), M. FERRERO(1,11),               *
 *  J. BAIMA(1,11), E. ALBANESE(1,11), M.F. PEINTINGER(12), R. BAST(13),       *
 *  B. KIRTMAN(15), V. LACIVITA(1,11), R. DEMICHELIS(1,16)                     *
 *  G. BRANDEBURG(17), S. SALUSTRO(1,11), G. SANSONE(1,11)                     *
 *  M.T. RUGGIERO(18), L.E. DAGA(1), L. DONA'(1), A. COSSARD(1)                *
 *                                                                             *
 * (1) THEORETICAL CHEMISTRY GROUP - UNIVERSITA' DI TORINO - TORINO (ITALY)    *
 * (2) SCIENTIFIC COMPUTING DEPARTMENT - STFC DARESBURY (UK)                   *
 * (3) UNIVERSIDAD AUTONOMA DEL ESTADO DE MORELOS - CUERNAVACA (MEXICO)        *
 * (4) UNIVERSITE' DE LORRAINE - NANCY (FRANCE)                                *
 * (5) UNIVERSITAET STUTTGART- STUTTGART (GERMANY)                             *
 * (6) IMPERIAL COLLEGE - LONDON (UK)                                          *
 * (7) SCIENTIFIC COMPUTING DEPARTMENT - STFC RAL (UK)                         *
 * (8) UPMC - SORBONNE UNIVERSITES - PARIS (FRANCE)                            *
 * (9) UNIVERSIDAD DE BARCELONA - BARCELONA (SPAIN)                            *
 *(10) UNIVERSITA' DI NAPOLI "FEDERICO II" - NAPOLI (ITALY)                    *
 *(11) NIS - NANOSTRUCTURED INTERFACES AND SURFACES - TORINO (ITALY)           *
 *(12) MPI FUER CHEMISCHE ENERGIEKONVERSION - MUELHEIM AN DER RUHR (GERMANY)   *
 *(13) UNIVERSITY OF TROMSO - TROMSO (NORWAY)                                  *
 *(14) UNIVERSITE' DE PAU ET DES PAYS DE L'ADOUR - PAU (FRANCE)                *
 *(15) UNIVERSITY OF CALIFORNIA SANTA BARBARA - SANTA BARBARA (USA)            *
 *(16) CURTIN UNIVERSITY - PERTH (AUSTRALIA)                                   *
 *(17) UNIVERSITY COLLEGE LONDON - LONDON (UK)                                 *
 *(18) UNIVERSITY OF VERMONT - BURLINGTON (USA)                                *
 *                                                                             *
 *******************************************************************************
 EEEEEEEEEE STARTING  DATE 24 01 2025 TIME 17:07:06.3
 INFORMATION **** SET_MPP **** PCRYSTAL CALCULATION

 *******************************************************************************
 Polarisation path Nr. 3.                                                        
 CRYSTAL - PROPERTIES - TYPE OF CALCULATION :  RESTRICTED CLOSED SHELL
 *******************************************************************************
 KOHN-SHAM HAMILTONIAN

 (EXCHANGE)[CORRELATION] FUNCTIONAL:(PERDEW-BURKE-ERNZERHOF)[PERDEW-BURKE-ERNZERHOF]


 HYBRID EXCHANGE - PERCENTAGE OF FOCK EXCHANGE    25.0000

 DIRECT LATTICE VECTOR COMPONENTS (ANGSTROM)
         2.10290    7.28597    0.00000
        -2.10290    7.28597    0.00000
         0.00000    0.00000    5.86498

 LATTICE PARAMETERS  (ANGSTROM AND DEGREES) - PRIMITIVE CELL
       A          B          C         ALPHA      BETA     GAMMA        VOLUME
    7.58337    7.58337    5.86498     90.0000   90.0000   32.1988     179.72270
 *******************************************************************************
 N. OF ATOMS PER CELL        12 COULOMB OVERLAP TOL          (T1) 10**   -8
 NUMBER OF SHELLS           100 COULOMB PENETRATION TOL      (T2) 10**   -8
 NUMBER OF AO               256 EXCHANGE OVERLAP TOL         (T3) 10**   -8
 N. OF ELECTRONS PER CELL   152 EXCHANGE PSEUDO OVP (F(G))   (T4) 10**   -8
 CORE ELECTRONS PER CELL     52 EXCHANGE PSEUDO OVP (P(G))   (T5) 10**  -16
 N. OF SYMMETRY OPERATORS     4 POLE ORDER IN MONO ZONE                   4
 CORE  PSEUDO POTENTIAL         TOL. ON PSEUDO              (TP) 10**- 6
 *******************************************************************************
   ATOM N.AT.  SHELL    X(A)      Y(A)      Z(A)      EXAD       N.ELECT.
 *******************************************************************************
    1  256 BA    6    -0.000     2.138    -0.778   2.732E-01       8.289
    2  256 BA    6     0.000    -2.138     2.154   2.732E-01       8.289
    3   30 ZN   12    -2.103    -1.298    -0.956   3.903E-01      28.861
    4   30 ZN   12    -2.103     1.298     1.976   3.903E-01      28.861
    5    9 F     8    -2.103    -2.873    -2.206   1.400E+00       9.737
    6    9 F     8    -2.103     2.873     0.727   1.400E+00       9.737
    7    9 F     8    -2.103    -2.520     0.605   1.400E+00       9.736
    8    9 F     8    -2.103     2.520    -2.328   1.400E+00       9.736
    9    9 F     8    -0.000     1.139     1.909   1.400E+00       9.696
   10    9 F     8     0.000    -1.139    -1.023   1.400E+00       9.696
   11    9 F     8    -2.103    -0.343    -2.775   1.400E+00       9.682
   12    9 F     8    -2.103     0.343     0.157   1.400E+00       9.682
 *******************************************************************************
 DE(K)                   0.000E+00  ENERGY LEVEL SHIFTING        0.00000
 TOTAL ENERGY -4.4084105245338E+03  CONVERGENCE ON ENER       -5.080E-09
 KIN. ENERGY   4.3659877699080E+03  VIR. COEFF.           1.01558177E+00
 N. OF SCF CYCLES               10  FERMI ENERGY              -0.250E+00
 WEIGHT OF F(I) IN F(I+1)      80
 SHRINK. FACT.(MONKH.)     8  8  5  SHRINKING FACTOR(GILAT NET)        8
 NUMBER OF K POINTS IN THE IBZ  63  CELL VOLUME (A.U.)       1212.828899
 *******************************************************************************

 GCALCO - MAX INDICES DIRECT LATTICE VECTOR    16    16    11
 NO.OF VECTORS CREATED 6999 STARS 1033 RMAX   126.66320 BOHR
 TTTTTTTTTTTTTTTTTTTTTTTTTTTTTT gordsh1     TELAPSE        0.05 TCPU        0.05

 MATRIX SIZE: P(G)  372564, F(G)   64788, P(G) IRR   59571, F(G) IRR   22342
 MAX G-VECTOR INDEX FOR 1- AND 2-ELECTRON INTEGRALS 101


 CAPPA:IS1  8;IS2  8;IS3  5; K PTS MONK NET  63; SYMMOPS:K SPACE   8;G SPACE   4


 CAPPA:IS1  8;IS2  8;IS3  5; K PTS MONK NET  63; SYMMOPS:K SPACE   8;G SPACE   4

 *******************************************************************************
 RESTART WITH NEW K POINTS NET
 *******************************************************************************
 POINTS IN THE IBZ                  63 POINTS(GILAT NET)                63
 SHRINK FACTORS(MONK.)         8  8  5 SHRINK FACTOR(GILAT)              8
 *******************************************************************************
 *** K POINTS COORDINATES (OBLIQUE COORDINATES IN UNITS OF IS =  8)
   1-R(  0  0  0)   2-C(  1  0  0)   3-C(  2  0  0)   4-C(  3  0  0)
   5-R(  4  0  0)   6-C(  1  1  0)   7-C(  2  1  0)   8-C(  3  1  0)
   9-C(  4  1  0)  10-C(  5  1  0)  11-C(  6  1  0)  12-C(  7  1  0)
  13-C(  2  2  0)  14-C(  3  2  0)  15-C(  4  2  0)  16-C(  5  2  0)
  17-C(  6  2  0)  18-C(  3  3  0)  19-C(  4  3  0)  20-C(  5  3  0)
  21-R(  4  4  0)  22-C(  0  0  1)  23-C(  1  0  1)  24-C(  2  0  1)
  25-C(  3  0  1)  26-C(  4  0  1)  27-C(  1  1  1)  28-C(  2  1  1)
  29-C(  3  1  1)  30-C(  4  1  1)  31-C(  5  1  1)  32-C(  6  1  1)
  33-C(  7  1  1)  34-C(  2  2  1)  35-C(  3  2  1)  36-C(  4  2  1)
  37-C(  5  2  1)  38-C(  6  2  1)  39-C(  3  3  1)  40-C(  4  3  1)
  41-C(  5  3  1)  42-C(  4  4  1)  43-C(  0  0  2)  44-C(  1  0  2)
  45-C(  2  0  2)  46-C(  3  0  2)  47-C(  4  0  2)  48-C(  1  1  2)
  49-C(  2  1  2)  50-C(  3  1  2)  51-C(  4  1  2)  52-C(  5  1  2)
  53-C(  6  1  2)  54-C(  7  1  2)  55-C(  2  2  2)  56-C(  3  2  2)
  57-C(  4  2  2)  58-C(  5  2  2)  59-C(  6  2  2)  60-C(  3  3  2)
  61-C(  4  3  2)  62-C(  5  3  2)  63-C(  4  4  2)

 FERMI ENERGY AND DENSITY MATRIX CALCULATION ON COMPUTED EIGENVECTORS
 DENSITY MATRIX AT SCF CYCLE ( 10+1)

 INSULATING STATE
 TOP OF VALENCE BANDS -    BAND     76; K   26; EIG -2.4952094E-01 AU
 TOP OF VALENCE BANDS -    BAND     76; K    1; EIG -2.5076332E-01 AU
 BOTTOM OF VIRTUAL BANDS - BAND     77; K    1; EIG  6.3404646E-02 AU
 INDIRECT ENERGY BAND GAP:   8.5151 eV

 CORE DENSITY MATRIX CALCULATION
 TTTTTTTTTTTTTTTTTTTTTTTTTTTTTT NEWK        TELAPSE        7.23 TCPU        7.23
 INSULATING STATE
 TOP OF VALENCE BANDS -    BAND     76; K   26; EIG -2.4952094E-01 AU
 TOP OF VALENCE BANDS -    BAND     76; K    1; EIG -2.5076332E-01 AU
 BOTTOM OF VIRTUAL BANDS - BAND     77; K    1; EIG  6.3404646E-02 AU
 INDIRECT ENERGY BAND GAP:   8.5151 eV

 LOCALISATION OF THE CRYSTALLINE ORBITALS
 ACCORDING TO A WANNIER-BOYS MIXED SCHEME

 LIST OF ACTIVE BANDS
      1     2     3     4     5     6     7     8     9    10    11    12    13
     14    15    16    17    18    19    20    21    22    23    24    25    26
     27    28    29    30    31    32    33    34    35    36    37    38    39
     40    41    42    43    44    45    46    47    48    49    50    51    52
     53    54    55    56    57    58    59    60    61    62    63    64    65
     66    67    68    69    70    71    72    73    74    75    76

 CONVERGENCE CRITERION: ABS(ADI(N) - ADI(N-1)) LT  0.1000E-04
 WHERE ADI IS THE ATOMIC DELOCALISATION INDEX AND N IS THE CYCLE NUMBER

 OMEGA IS THE SUM OF THE (X -X0)**2 EXPECTATION VALUES (MARZARI-VANDERBILT'S
 FUNCTIONAL)
 N OF CELLS IN THE MAXIMUM CYCLIC AND UNFOLDED CLUSTERS:  320  975
 N OF VERTICES IN THE UNFOLDED CLUSTER:  2
 TTTTTTTTTTTTTTTTTTTTTTTTTTTTTT SDKVDK      TELAPSE        7.71 TCPU        7.71

 *******************************************************************************
 CYCLE  1, DIPOLE MATRIX ELEMENTS EVALUATED WHEN WANNIER COEFF GT 10**-5
 AUTOMATIC INITIAL GUESS REQUESTED
 TTTTTTTTTTTTTTTTTTTTTTTTTTTTTT WAN0        TELAPSE        9.86 TCPU        9.86
 CLUSTER SIZE =  169 UNIT CELLS
 TTTTTTTTTTTTTTTTTTTTTTTTTTTTTT WANTOL      TELAPSE       10.29 TCPU       10.25
 TTTTTTTTTTTTTTTTTTTTTTTTTTTTTT BOYS1       TELAPSE       48.19 TCPU       48.15

 ATOMIC DELOCALISATION INDEX (BEFORE BOYS)     2.867431270    
 NORM        75.9999974082   (ERR PER WF    0.34E-07)
 BOYS LOCALISED FUNCTIONS AFTER   90 CYCLES (MAX = 500 TOL = 0.1E-07)

 SUM OF THE SQUARES OF THE DISTANCES BETWEEN CENTROIDS = 139790.    
 TTTTTTTTTTTTTTTTTTTTTTTTTTTTTT BOYS3       TELAPSE       48.25 TCPU       48.21
 OMEGA =   91.89435324          ABS(OMEGA(N)-OMEGA(N-1)) =   0.91894E+02
 TTTTTTTTTTTTTTTTTTTTTTTTTTTTTT BOYS1       TELAPSE       52.52 TCPU       52.48

 ATOMIC DELOCALISATION INDEX (AFTER  BOYS)     1.026476115    
 NORM        75.9999974082   (ERR PER WF    0.34E-07)
 TTTTTTTTTTTTTTTTTTTTTTTTTTTTTT WANTST      TELAPSE       52.52 TCPU       52.48

 *******************************************************************************
 CYCLE  2, DIPOLE MATRIX ELEMENTS EVALUATED WHEN WANNIER COEFF GT 10**-5
 TTTTTTTTTTTTTTTTTTTTTTTTTTTTTT WAN0        TELAPSE       54.54 TCPU       54.50
 CLUSTER SIZE =  169 UNIT CELLS
 TTTTTTTTTTTTTTTTTTTTTTTTTTTTTT WANTOL      TELAPSE       54.88 TCPU       54.84
 TTTTTTTTTTTTTTTTTTTTTTTTTTTTTT BOYS1       TELAPSE       92.43 TCPU       92.39

 ATOMIC DELOCALISATION INDEX (BEFORE BOYS)     1.025346765    
 NORM        75.9999997607   (ERR PER WF    0.31E-08)
 BOYS LOCALISED FUNCTIONS AFTER    9 CYCLES (MAX = 500 TOL = 0.1E-07)

 SUM OF THE SQUARES OF THE DISTANCES BETWEEN CENTROIDS = 139807.    
 TTTTTTTTTTTTTTTTTTTTTTTTTTTTTT BOYS3       TELAPSE       92.44 TCPU       92.39
 OMEGA =   89.82517091          ABS(OMEGA(N)-OMEGA(N-1)) =   0.20692E+01
 TTTTTTTTTTTTTTTTTTTTTTTTTTTTTT BOYS1       TELAPSE       96.62 TCPU       96.58

 ATOMIC DELOCALISATION INDEX (AFTER  BOYS)     1.025866153    
 NORM        75.9999997607   (ERR PER WF    0.31E-08)
 TTTTTTTTTTTTTTTTTTTTTTTTTTTTTT WANTST      TELAPSE       96.62 TCPU       96.58

 *******************************************************************************
 CYCLE  3, DIPOLE MATRIX ELEMENTS EVALUATED WHEN WANNIER COEFF GT 10**-5
 TTTTTTTTTTTTTTTTTTTTTTTTTTTTTT WAN0        TELAPSE       98.64 TCPU       98.59
 CLUSTER SIZE =  169 UNIT CELLS
 TTTTTTTTTTTTTTTTTTTTTTTTTTTTTT WANTOL      TELAPSE       98.98 TCPU       98.94
 TTTTTTTTTTTTTTTTTTTTTTTTTTTTTT BOYS1       TELAPSE      136.27 TCPU      136.23

 ATOMIC DELOCALISATION INDEX (BEFORE BOYS)     1.025345405    
 NORM        75.9999997572   (ERR PER WF    0.32E-08)
 BOYS LOCALISED FUNCTIONS AFTER    5 CYCLES (MAX = 500 TOL = 0.1E-07)

 SUM OF THE SQUARES OF THE DISTANCES BETWEEN CENTROIDS = 139807.    
 TTTTTTTTTTTTTTTTTTTTTTTTTTTTTT BOYS3       TELAPSE      136.27 TCPU      136.23
 OMEGA =   89.82507760          ABS(OMEGA(N)-OMEGA(N-1)) =   0.93310E-04
 TTTTTTTTTTTTTTTTTTTTTTTTTTTTTT BOYS1       TELAPSE      140.45 TCPU      140.40

 ATOMIC DELOCALISATION INDEX (AFTER  BOYS)     1.025866109    
 NORM        75.9999997572   (ERR PER WF    0.32E-08)
 TTTTTTTTTTTTTTTTTTTTTTTTTTTTTT WANTST      TELAPSE      140.45 TCPU      140.40

 *******************************************************************************
 FINAL RESULTS 

 WANNIER F LOCALIZATION - CONVERGENCE ACHIEVED     0.4368E-07
 TTTTTTTTTTTTTTTTTTTTTTTTTTTTTT BOYS1       TELAPSE      196.33 TCPU      196.28

 WANNIER ATOMIC POPULATIONS LARGER THAN   0.10E-01 ARE GIVEN
 DATA ARE AS FOLLOWS: ATOM, CELL INDICES AND ATOMIC POPULATION

~~~~~~~~~~~~~~~~~~~~~~~~~~~~~~~~~~~~~~~~~~~~~~~~~~~~~~~~~~~~~~~~~~~~~~~~~~~~~~~~
 WANNIER NUMBER    1 ATOMIC EXTENT  1.0000
 CENTROID'S COORDINATES R0:   -0.39739E+01   -0.24530E+01   -0.18068E+01
 EXPECTATION VALUE OF (R-R0)**2:  0.45784E-02
 SECOND ORDER TENSOR IN CARTESIAN AXES:
         X             Y             Z
 X  0.15252E-02 -0.22518E-06  0.46122E-06
 Y -0.22518E-06  0.15271E-02  0.38892E-06
 Z  0.46122E-06  0.38892E-06  0.15260E-02
 TENSOR EIGENVALUES:
 A  0.15249E-02  B  0.15273E-02  C  0.15262E-02
 PRINCIPAL AXES:
         X             Y             Z
 A  0.88032E+00  0.16926E+00 -0.44316E+00
 B -0.40849E-01  0.95776E+00  0.28467E+00
 C  0.47262E+00 -0.23249E+00  0.85004E+00
 NON BONDING WANNIER FUNCTION
 DISTANCE CENTROID-ATOM    3(  0  0  0) :   0.19935E-06
 ATOMIC POPULATION DATA:
  3 ZN(  0  0  0)  1.0000
 A.O. POPULATIONS OF ATOM    3(  0  0  0):
   1.0253  -0.0251  -0.0007   0.0005  -0.0001   0.0000   0.0000   0.0000
   0.0000   0.0000  -0.0000   0.0000   0.0000   0.0000   0.0000  -0.0000
   0.0000   0.0000   0.0000   0.0000   0.0000   0.0000   0.0000   0.0000
   0.0000   0.0000   0.0000   0.0000  -0.0000   0.0000   0.0000  -0.0000
   0.0000
~~~~~~~~~~~~~~~~~~~~~~~~~~~~~~~~~~~~~~~~~~~~~~~~~~~~~~~~~~~~~~~~~~~~~~~~~~~~~~~~
 WANNIER NUMBER    2 ATOMIC EXTENT  1.0000
 CENTROID'S COORDINATES R0:   -0.39739E+01    0.24530E+01    0.37348E+01
 EXPECTATION VALUE OF (R-R0)**2:  0.45789E-02
 SECOND ORDER TENSOR IN CARTESIAN AXES:
         X             Y             Z
 X  0.15259E-02  0.69564E-06  0.38279E-06
 Y  0.69564E-06  0.15266E-02  0.10117E-06
 Z  0.38279E-06  0.10117E-06  0.15264E-02
 TENSOR EIGENVALUES:
 A  0.15254E-02  B  0.15271E-02  C  0.15264E-02
 PRINCIPAL AXES:
         X             Y             Z
 A  0.84501E+00 -0.46949E+00 -0.25601E+00
 B  0.53473E+00  0.73745E+00  0.41259E+00
 C -0.49163E-02 -0.48554E+00  0.87420E+00
 NON BONDING WANNIER FUNCTION
 DISTANCE CENTROID-ATOM    4(  0  0  0) :   0.34927E-06
 ATOMIC POPULATION DATA:
  4 ZN(  0  0  0)  1.0000
 A.O. POPULATIONS OF ATOM    4(  0  0  0):
   1.0253  -0.0251  -0.0007   0.0005  -0.0001   0.0000   0.0000   0.0000
  -0.0000   0.0000  -0.0000   0.0000   0.0000   0.0000  -0.0000   0.0000
   0.0000   0.0000   0.0000   0.0000   0.0000   0.0000   0.0000   0.0000
   0.0000   0.0000  -0.0000   0.0000  -0.0000   0.0000  -0.0000  -0.0000
   0.0000
~~~~~~~~~~~~~~~~~~~~~~~~~~~~~~~~~~~~~~~~~~~~~~~~~~~~~~~~~~~~~~~~~~~~~~~~~~~~~~~~
 WANNIER NUMBER    3 ATOMIC EXTENT  0.9987
 CENTROID'S COORDINATES R0:   -0.42228E+01    0.23117E+01    0.41305E+01
 EXPECTATION VALUE OF (R-R0)**2:  0.59982E+00
 SECOND ORDER TENSOR IN CARTESIAN AXES:
         X             Y             Z
 X  0.19524E+00  0.60319E-02 -0.51765E-01
 Y  0.60319E-02  0.16661E+00 -0.37110E-01
 Z -0.51765E-01 -0.37110E-01  0.23797E+00
 TENSOR EIGENVALUES:
 A  0.17360E+00  B  0.14339E+00  C  0.28284E+00
 PRINCIPAL AXES:
         X             Y             Z
 A  0.74396E+00 -0.62426E+00  0.23839E+00
 B  0.44109E+00  0.72675E+00  0.52657E+00
 C -0.50196E+00 -0.28659E+00  0.81603E+00
 NON BONDING WANNIER FUNCTION
 DISTANCE CENTROID-ATOM    4(  0  0  0) :   0.48831E+00
 ATOMIC POPULATION DATA:
  4 ZN(  0  0  0)  1.0006
 A.O. POPULATIONS OF ATOM    4(  0  0  0):
  -0.0001  -0.0043   0.0712   0.0502   0.0014  -0.0008   0.0000   0.0000
   0.0008  -0.0026  -0.0008  -0.0069   0.0723   0.0219   0.1910   0.0180
   0.0054   0.0478   0.0739   0.1460   0.0316   0.0033   0.0367   0.0444
   0.0877   0.0189   0.0020   0.0220   0.0175   0.0350   0.0073   0.0009
   0.0087
~~~~~~~~~~~~~~~~~~~~~~~~~~~~~~~~~~~~~~~~~~~~~~~~~~~~~~~~~~~~~~~~~~~~~~~~~~~~~~~~
 WANNIER NUMBER    4 ATOMIC EXTENT  0.9931
 CENTROID'S COORDINATES R0:   -0.39682E+01   -0.20275E+01   -0.15632E+01
 EXPECTATION VALUE OF (R-R0)**2:  0.57174E+00
 SECOND ORDER TENSOR IN CARTESIAN AXES:
         X             Y             Z
 X  0.14055E+00 -0.42793E-02  0.91638E-02
 Y -0.42793E-02  0.24212E+00  0.49832E-01
 Z  0.91638E-02  0.49832E-01  0.18908E+00
 TENSOR EIGENVALUES:
 A  0.13614E+00  B  0.27205E+00  C  0.16355E+00
 PRINCIPAL AXES:
         X             Y             Z
 A  0.91624E+00  0.20018E+00 -0.34704E+00
 B  0.80376E-02  0.85686E+00  0.51548E+00
 C  0.40055E+00 -0.47509E+00  0.78348E+00
 NON BONDING WANNIER FUNCTION
 DISTANCE CENTROID-ATOM    3(  0  0  0) :   0.49034E+00
 ATOMIC POPULATION DATA:
  3 ZN(  0  0  0)  1.0034
 A.O. POPULATIONS OF ATOM    3(  0  0  0):
  -0.0001  -0.0044   0.0726   0.0511   0.0013  -0.0011   0.0000   0.0001
   0.0002   0.0000  -0.0078  -0.0027   0.0000   0.2160   0.0726   0.0000
   0.0536   0.0183   0.0101   0.0018   0.1807   0.1018   0.0015   0.0060
   0.0011   0.1065   0.0605   0.0009   0.0023   0.0004   0.0378   0.0222
   0.0004
~~~~~~~~~~~~~~~~~~~~~~~~~~~~~~~~~~~~~~~~~~~~~~~~~~~~~~~~~~~~~~~~~~~~~~~~~~~~~~~~
 WANNIER NUMBER    5 ATOMIC EXTENT  1.0000
 CENTROID'S COORDINATES R0:   -0.40345E+01    0.24842E+01    0.36587E+01
 EXPECTATION VALUE OF (R-R0)**2:  0.41894E-01
 SECOND ORDER TENSOR IN CARTESIAN AXES:
         X             Y             Z
 X  0.14003E-01 -0.80191E-03  0.19081E-02
 Y -0.80191E-03  0.12939E-01 -0.99734E-03
 Z  0.19081E-02 -0.99734E-03  0.14952E-01
 TENSOR EIGENVALUES:
 A  0.12534E-01  B  0.12499E-01  C  0.16861E-01
 PRINCIPAL AXES:
         X             Y             Z
 A  0.31502E+00 -0.76373E+00 -0.56346E+00
 B  0.74622E+00  0.56616E+00 -0.35018E+00
 C  0.58645E+00 -0.31014E+00  0.74826E+00
 NON BONDING WANNIER FUNCTION
 DISTANCE CENTROID-ATOM    4(  0  0  0) :   0.10214E+00
 ATOMIC POPULATION DATA:
  4 ZN(  0  0  0)  1.0000
 A.O. POPULATIONS OF ATOM    4(  0  0  0):
  -0.0063   0.2656  -0.0035  -0.0062   0.0003  -0.0001  -0.0000  -0.0000
  -0.0000   0.2712   0.0720   0.4276  -0.0073  -0.0020  -0.0116   0.0000
   0.0000   0.0001   0.0000   0.0000   0.0000   0.0000   0.0000   0.0000
   0.0000   0.0000   0.0000   0.0000   0.0000   0.0000   0.0000   0.0000
  -0.0000
~~~~~~~~~~~~~~~~~~~~~~~~~~~~~~~~~~~~~~~~~~~~~~~~~~~~~~~~~~~~~~~~~~~~~~~~~~~~~~~~
 WANNIER NUMBER    6 ATOMIC EXTENT  1.0000
 CENTROID'S COORDINATES R0:   -0.40151E+01   -0.25203E+01   -0.17419E+01
 EXPECTATION VALUE OF (R-R0)**2:  0.41846E-01
 SECOND ORDER TENSOR IN CARTESIAN AXES:
         X             Y             Z
 X  0.13155E-01  0.11410E-02 -0.11159E-02
 Y  0.11410E-02  0.14373E-01 -0.18645E-02
 Z -0.11159E-02 -0.18645E-02  0.14319E-01
 TENSOR EIGENVALUES:
 A  0.12470E-01  B  0.16892E-01  C  0.12484E-01
 PRINCIPAL AXES:
         X             Y             Z
 A  0.81190E+00 -0.57659E+00 -0.91448E-01
 B  0.39274E+00  0.65535E+00 -0.64519E+00
 C  0.43194E+00  0.48791E+00  0.75853E+00
 NON BONDING WANNIER FUNCTION
 DISTANCE CENTROID-ATOM    3(  0  0  0) :   0.10213E+00
 ATOMIC POPULATION DATA:
  3 ZN(  0  0  0)  1.0000
 A.O. POPULATIONS OF ATOM    3(  0  0  0):
  -0.0063   0.2659  -0.0035  -0.0063   0.0004  -0.0001  -0.0000  -0.0000
  -0.0000   0.1252   0.3347   0.3108  -0.0033  -0.0090  -0.0084   0.0000
   0.0000   0.0001   0.0000   0.0000   0.0000   0.0000   0.0000   0.0000
   0.0000   0.0000   0.0000   0.0000   0.0000   0.0000   0.0000   0.0000
   0.0000
~~~~~~~~~~~~~~~~~~~~~~~~~~~~~~~~~~~~~~~~~~~~~~~~~~~~~~~~~~~~~~~~~~~~~~~~~~~~~~~~
 WANNIER NUMBER    7 ATOMIC EXTENT  0.9963
 CENTROID'S COORDINATES R0:   -0.37846E+01    0.28240E+01    0.39900E+01
 EXPECTATION VALUE OF (R-R0)**2:  0.58531E+00
 SECOND ORDER TENSOR IN CARTESIAN AXES:
         X             Y             Z
 X  0.17645E+00  0.30184E-01  0.31708E-01
 Y  0.30184E-01  0.22769E+00  0.53678E-01
 Z  0.31708E-01  0.53678E-01  0.18117E+00
 TENSOR EIGENVALUES:
 A  0.16370E+00  B  0.28052E+00  C  0.14109E+00
 PRINCIPAL AXES:
         X             Y             Z
 A  0.81717E+00 -0.54437E+00  0.18945E+00
 B  0.38125E+00  0.75699E+00  0.53067E+00
 C -0.43230E+00 -0.36142E+00  0.82613E+00
 NON BONDING WANNIER FUNCTION
 DISTANCE CENTROID-ATOM    4(  0  0  0) :   0.48845E+00
 ATOMIC POPULATION DATA:
  4 ZN(  0  0  0)  1.0019
 A.O. POPULATIONS OF ATOM    4(  0  0  0):
  -0.0001  -0.0043   0.0713   0.0504   0.0012  -0.0001   0.0003  -0.0000
  -0.0001  -0.0015  -0.0059  -0.0030   0.0403   0.1651   0.0844   0.0101
   0.0409   0.0208   0.0002   0.0203   0.1301   0.0399   0.1009   0.0001
   0.0122   0.0771   0.0239   0.0607   0.0001   0.0048   0.0286   0.0091
   0.0240
~~~~~~~~~~~~~~~~~~~~~~~~~~~~~~~~~~~~~~~~~~~~~~~~~~~~~~~~~~~~~~~~~~~~~~~~~~~~~~~~
 WANNIER NUMBER    8 ATOMIC EXTENT  1.0000
 CENTROID'S COORDINATES R0:   -0.40192E+01   -0.23622E+01   -0.17949E+01
 EXPECTATION VALUE OF (R-R0)**2:  0.41851E-01
 SECOND ORDER TENSOR IN CARTESIAN AXES:
         X             Y             Z
 X  0.13321E-01 -0.17211E-02 -0.21815E-03
 Y -0.17211E-02  0.15971E-01  0.45842E-03
 Z -0.21815E-03  0.45842E-03  0.12559E-01
 TENSOR EIGENVALUES:
 A  0.12472E-01  B  0.16877E-01  C  0.12501E-01
 PRINCIPAL AXES:
         X             Y             Z
 A  0.85830E+00  0.45372E+00 -0.23970E+00
 B -0.43846E+00  0.89113E+00  0.11675E+00
 C  0.26658E+00  0.48938E-02  0.96380E+00
 NON BONDING WANNIER FUNCTION
 DISTANCE CENTROID-ATOM    3(  0  0  0) :   0.10211E+00
 ATOMIC POPULATION DATA:
  3 ZN(  0  0  0)  1.0000
 A.O. POPULATIONS OF ATOM    3(  0  0  0):
  -0.0063   0.2656  -0.0035  -0.0063   0.0003  -0.0001  -0.0000  -0.0000
  -0.0000   0.1514   0.6090   0.0104  -0.0041  -0.0165  -0.0003   0.0000
   0.0001   0.0000   0.0000   0.0000   0.0000   0.0000   0.0000   0.0000
   0.0000   0.0000   0.0000   0.0000   0.0000   0.0000   0.0000   0.0000
   0.0000
~~~~~~~~~~~~~~~~~~~~~~~~~~~~~~~~~~~~~~~~~~~~~~~~~~~~~~~~~~~~~~~~~~~~~~~~~~~~~~~~
 WANNIER NUMBER    9 ATOMIC EXTENT  1.0000
 CENTROID'S COORDINATES R0:   -0.38740E+01   -0.24440E+01   -0.17876E+01
 EXPECTATION VALUE OF (R-R0)**2:  0.41795E-01
 SECOND ORDER TENSOR IN CARTESIAN AXES:
         X             Y             Z
 X  0.16659E-01  0.36111E-03  0.76932E-03
 Y  0.36111E-03  0.12487E-01  0.76320E-04
 Z  0.76932E-03  0.76320E-04  0.12649E-01
 TENSOR EIGENVALUES:
 A  0.16833E-01  B  0.12454E-01  C  0.12508E-01
 PRINCIPAL AXES:
         X             Y             Z
 A  0.97971E+00  0.84600E-01  0.18168E+00
 B -0.50122E-01  0.98116E+00 -0.18659E+00
 C -0.19405E+00  0.17370E+00  0.96549E+00
 NON BONDING WANNIER FUNCTION
 DISTANCE CENTROID-ATOM    3(  0  0  0) :   0.10216E+00
 ATOMIC POPULATION DATA:
  3 ZN(  0  0  0)  1.0000
 A.O. POPULATIONS OF ATOM    3(  0  0  0):
  -0.0063   0.2658  -0.0035  -0.0063   0.0004  -0.0001  -0.0000  -0.0000
  -0.0000   0.7374   0.0060   0.0271  -0.0198  -0.0002  -0.0007   0.0001
  -0.0000   0.0000   0.0000   0.0000   0.0000   0.0000   0.0000   0.0000
   0.0000   0.0000   0.0000   0.0000   0.0000   0.0000   0.0000   0.0000
   0.0000
~~~~~~~~~~~~~~~~~~~~~~~~~~~~~~~~~~~~~~~~~~~~~~~~~~~~~~~~~~~~~~~~~~~~~~~~~~~~~~~~
 WANNIER NUMBER   10 ATOMIC EXTENT  1.0000
 CENTROID'S COORDINATES R0:   -0.40163E+01    0.23724E+01    0.37812E+01
 EXPECTATION VALUE OF (R-R0)**2:  0.41793E-01
 SECOND ORDER TENSOR IN CARTESIAN AXES:
         X             Y             Z
 X  0.13213E-01  0.13762E-02 -0.79860E-03
 Y  0.13762E-02  0.15175E-01 -0.15581E-02
 Z -0.79860E-03 -0.15581E-02  0.13405E-01
 TENSOR EIGENVALUES:
 A  0.12505E-01  B  0.16790E-01  C  0.12498E-01
 PRINCIPAL AXES:
         X             Y             Z
 A  0.88669E+00 -0.21956E+00  0.40691E+00
 B  0.40640E+00  0.78979E+00 -0.45942E+00
 C -0.22051E+00  0.57273E+00  0.78953E+00
 NON BONDING WANNIER FUNCTION
 DISTANCE CENTROID-ATOM    4(  0  0  0) :   0.10218E+00
 ATOMIC POPULATION DATA:
  4 ZN(  0  0  0)  1.0000
 A.O. POPULATIONS OF ATOM    4(  0  0  0):
  -0.0063   0.2658  -0.0034  -0.0063   0.0003  -0.0001  -0.0000  -0.0000
  -0.0000   0.1322   0.4796   0.1587  -0.0035  -0.0129  -0.0043   0.0000
   0.0001   0.0000   0.0000   0.0000   0.0000   0.0000   0.0000   0.0000
   0.0000   0.0000   0.0000   0.0000   0.0000   0.0000   0.0000   0.0000
   0.0000
~~~~~~~~~~~~~~~~~~~~~~~~~~~~~~~~~~~~~~~~~~~~~~~~~~~~~~~~~~~~~~~~~~~~~~~~~~~~~~~~
 WANNIER NUMBER   11 ATOMIC EXTENT  0.9999
 CENTROID'S COORDINATES R0:   -0.39739E+01   -0.64791E+00   -0.52447E+01
 EXPECTATION VALUE OF (R-R0)**2:  0.45464E-01
 SECOND ORDER TENSOR IN CARTESIAN AXES:
         X             Y             Z
 X  0.15085E-01 -0.42692E-06  0.47722E-06
 Y -0.42692E-06  0.15197E-01 -0.65272E-04
 Z  0.47722E-06 -0.65272E-04  0.15182E-01
 TENSOR EIGENVALUES:
 A  0.15085E-01  B  0.15255E-01  C  0.15124E-01
 PRINCIPAL AXES:
         X             Y             Z
 A  0.99999E+00  0.15505E-02 -0.38715E-02
 B -0.37321E-02  0.74698E+00 -0.66484E+00
 C  0.18611E-02  0.66485E+00  0.74698E+00
 NON BONDING WANNIER FUNCTION
 DISTANCE CENTROID-ATOM   11(  0  0  0) :   0.41150E-04
 ATOMIC POPULATION DATA:
 11 F (  0  0  0)  1.0000
 A.O. POPULATIONS OF ATOM   11(  0  0  0):
   0.3815   0.6289   0.0029  -0.0118  -0.0015   0.0000   0.0000   0.0000
   0.0000   0.0000   0.0000   0.0000   0.0000   0.0000   0.0000   0.0000
   0.0000   0.0000   0.0000
~~~~~~~~~~~~~~~~~~~~~~~~~~~~~~~~~~~~~~~~~~~~~~~~~~~~~~~~~~~~~~~~~~~~~~~~~~~~~~~~
 WANNIER NUMBER   12 ATOMIC EXTENT  0.9999
 CENTROID'S COORDINATES R0:   -0.39739E+01    0.64791E+00    0.29694E+00
 EXPECTATION VALUE OF (R-R0)**2:  0.45463E-01
 SECOND ORDER TENSOR IN CARTESIAN AXES:
         X             Y             Z
 X  0.15084E-01 -0.91716E-06  0.63052E-06
 Y -0.91716E-06  0.15198E-01  0.67317E-04
 Z  0.63052E-06  0.67317E-04  0.15182E-01
 TENSOR EIGENVALUES:
 A  0.15083E-01  B  0.15258E-01  C  0.15122E-01
 PRINCIPAL AXES:
         X             Y             Z
 A  0.99961E+00  0.19745E-01 -0.19879E-01
 B -0.15239E-02  0.74677E+00  0.66508E+00
 C  0.27977E-01 -0.66479E+00  0.74651E+00
 NON BONDING WANNIER FUNCTION
 DISTANCE CENTROID-ATOM   12(  0  0  0) :   0.40470E-04
 ATOMIC POPULATION DATA:
 12 F (  0  0  0)  1.0000
 A.O. POPULATIONS OF ATOM   12(  0  0  0):
   0.3815   0.6289   0.0029  -0.0118  -0.0015   0.0000   0.0000   0.0000
   0.0000   0.0000   0.0000   0.0000   0.0000   0.0000   0.0000   0.0000
   0.0000   0.0000   0.0000
~~~~~~~~~~~~~~~~~~~~~~~~~~~~~~~~~~~~~~~~~~~~~~~~~~~~~~~~~~~~~~~~~~~~~~~~~~~~~~~~
 WANNIER NUMBER   13 ATOMIC EXTENT  1.0000
 CENTROID'S COORDINATES R0:   -0.39739E+01   -0.47627E+01    0.11429E+01
 EXPECTATION VALUE OF (R-R0)**2:  0.45415E-01
 SECOND ORDER TENSOR IN CARTESIAN AXES:
         X             Y             Z
 X  0.15132E-01  0.13809E-05  0.22297E-05
 Y  0.13809E-05  0.15113E-01 -0.23329E-04
 Z  0.22297E-05 -0.23329E-04  0.15170E-01
 TENSOR EIGENVALUES:
 A  0.15132E-01  B  0.15105E-01  C  0.15178E-01
 PRINCIPAL AXES:
         X             Y             Z
 A  0.99651E+00  0.83131E-01 -0.74364E-02
 B -0.75684E-01  0.93760E+00  0.33937E+00
 C  0.35185E-01 -0.33763E+00  0.94062E+00
 NON BONDING WANNIER FUNCTION
 DISTANCE CENTROID-ATOM    7(  0  0  0) :   0.88050E-04
 ATOMIC POPULATION DATA:
  7 F (  0  0  0)  1.0000
 A.O. POPULATIONS OF ATOM    7(  0  0  0):
   0.3815   0.6290   0.0028  -0.0117  -0.0016  -0.0000   0.0000   0.0000
   0.0000   0.0000   0.0000  -0.0000   0.0000   0.0000   0.0000   0.0000
   0.0000  -0.0000   0.0000
~~~~~~~~~~~~~~~~~~~~~~~~~~~~~~~~~~~~~~~~~~~~~~~~~~~~~~~~~~~~~~~~~~~~~~~~~~~~~~~~
 WANNIER NUMBER   14 ATOMIC EXTENT  1.0000
 CENTROID'S COORDINATES R0:   -0.39739E+01    0.47627E+01   -0.43987E+01
 EXPECTATION VALUE OF (R-R0)**2:  0.45412E-01
 SECOND ORDER TENSOR IN CARTESIAN AXES:
         X             Y             Z
 X  0.15133E-01 -0.96648E-06  0.26636E-05
 Y -0.96648E-06  0.15113E-01  0.21365E-04
 Z  0.26636E-05  0.21365E-04  0.15166E-01
 TENSOR EIGENVALUES:
 A  0.15133E-01  B  0.15105E-01  C  0.15174E-01
 PRINCIPAL AXES:
         X             Y             Z
 A  0.99648E+00 -0.78815E-01 -0.28560E-01
 B  0.64984E-01  0.94147E+00 -0.33077E+00
 C  0.52959E-01  0.32775E+00  0.94328E+00
 NON BONDING WANNIER FUNCTION
 DISTANCE CENTROID-ATOM    8(  0  0  0) :   0.88942E-04
 ATOMIC POPULATION DATA:
  8 F (  0  0  0)  1.0000
 A.O. POPULATIONS OF ATOM    8(  0  0  0):
   0.3815   0.6290   0.0028  -0.0117  -0.0016   0.0000   0.0000   0.0000
   0.0000   0.0000   0.0000   0.0000   0.0000   0.0000   0.0000   0.0000
   0.0000  -0.0000   0.0000
~~~~~~~~~~~~~~~~~~~~~~~~~~~~~~~~~~~~~~~~~~~~~~~~~~~~~~~~~~~~~~~~~~~~~~~~~~~~~~~~
 WANNIER NUMBER   15 ATOMIC EXTENT  1.0000
 CENTROID'S COORDINATES R0:   -0.21230E-06   -0.21515E+01   -0.19341E+01
 EXPECTATION VALUE OF (R-R0)**2:  0.45434E-01
 SECOND ORDER TENSOR IN CARTESIAN AXES:
         X             Y             Z
 X  0.15259E-01 -0.13287E-06  0.27999E-06
 Y -0.13287E-06  0.15072E-01  0.33521E-05
 Z  0.27999E-06  0.33521E-05  0.15103E-01
 TENSOR EIGENVALUES:
 A  0.15259E-01  B  0.15072E-01  C  0.15103E-01
 PRINCIPAL AXES:
         X             Y             Z
 A  0.10000E+01 -0.67979E-03  0.17780E-02
 B  0.86784E-03  0.99415E+00 -0.10801E+00
 C -0.16941E-02  0.10801E+00  0.99415E+00
 NON BONDING WANNIER FUNCTION
 DISTANCE CENTROID-ATOM   10(  0  0  0) :   0.39016E-04
 ATOMIC POPULATION DATA:
 10 F (  0  0  0)  1.0000
 A.O. POPULATIONS OF ATOM   10(  0  0  0):
   0.3815   0.6290   0.0028  -0.0117  -0.0016   0.0000   0.0000   0.0000
   0.0000   0.0000   0.0000   0.0000   0.0000   0.0000   0.0000  -0.0000
   0.0000   0.0000  -0.0000
~~~~~~~~~~~~~~~~~~~~~~~~~~~~~~~~~~~~~~~~~~~~~~~~~~~~~~~~~~~~~~~~~~~~~~~~~~~~~~~~
 WANNIER NUMBER   16 ATOMIC EXTENT  1.0000
 CENTROID'S COORDINATES R0:   -0.12311E-05    0.21515E+01    0.36075E+01
 EXPECTATION VALUE OF (R-R0)**2:  0.45432E-01
 SECOND ORDER TENSOR IN CARTESIAN AXES:
         X             Y             Z
 X  0.15258E-01  0.55423E-06  0.21252E-05
 Y  0.55423E-06  0.15072E-01 -0.26056E-05
 Z  0.21252E-05 -0.26056E-05  0.15102E-01
 TENSOR EIGENVALUES:
 A  0.15258E-01  B  0.15072E-01  C  0.15102E-01
 PRINCIPAL AXES:
         X             Y             Z
 A  0.99990E+00  0.27814E-02  0.13506E-01
 B -0.39431E-02  0.99622E+00  0.86761E-01
 C -0.13214E-01 -0.86806E-01  0.99614E+00
 NON BONDING WANNIER FUNCTION
 DISTANCE CENTROID-ATOM    9(  0  0  0) :   0.38934E-04
 ATOMIC POPULATION DATA:
  9 F (  0  0  0)  1.0000
 A.O. POPULATIONS OF ATOM    9(  0  0  0):
   0.3815   0.6289   0.0028  -0.0117  -0.0016   0.0000   0.0000   0.0000
   0.0000   0.0000   0.0000   0.0000   0.0000   0.0000   0.0000   0.0000
   0.0000   0.0000   0.0000
~~~~~~~~~~~~~~~~~~~~~~~~~~~~~~~~~~~~~~~~~~~~~~~~~~~~~~~~~~~~~~~~~~~~~~~~~~~~~~~~
 WANNIER NUMBER   17 ATOMIC EXTENT  1.0000
 CENTROID'S COORDINATES R0:   -0.39739E+01   -0.54288E+01   -0.41679E+01
 EXPECTATION VALUE OF (R-R0)**2:  0.45398E-01
 SECOND ORDER TENSOR IN CARTESIAN AXES:
         X             Y             Z
 X  0.15112E-01  0.39306E-06  0.21757E-06
 Y  0.39306E-06  0.15151E-01 -0.20791E-05
 Z  0.21757E-06 -0.20791E-05  0.15135E-01
 TENSOR EIGENVALUES:
 A  0.15112E-01  B  0.15151E-01  C  0.15135E-01
 PRINCIPAL AXES:
         X             Y             Z
 A  0.99989E+00 -0.10647E-01 -0.10396E-01
 B  0.92336E-02  0.99178E+00 -0.12759E+00
 C  0.11669E-01  0.12748E+00  0.99177E+00
 NON BONDING WANNIER FUNCTION
 DISTANCE CENTROID-ATOM    5(  0  0  0) :   0.88043E-04
 ATOMIC POPULATION DATA:
  5 F (  0  0  0)  1.0000
 A.O. POPULATIONS OF ATOM    5(  0  0  0):
   0.3815   0.6290   0.0028  -0.0117  -0.0016   0.0000   0.0000   0.0000
   0.0000   0.0000   0.0000   0.0000   0.0000   0.0000   0.0000   0.0000
  -0.0000   0.0000  -0.0000
~~~~~~~~~~~~~~~~~~~~~~~~~~~~~~~~~~~~~~~~~~~~~~~~~~~~~~~~~~~~~~~~~~~~~~~~~~~~~~~~
 WANNIER NUMBER   18 ATOMIC EXTENT  1.0000
 CENTROID'S COORDINATES R0:   -0.39739E+01    0.54288E+01    0.13737E+01
 EXPECTATION VALUE OF (R-R0)**2:  0.45400E-01
 SECOND ORDER TENSOR IN CARTESIAN AXES:
         X             Y             Z
 X  0.15115E-01 -0.14045E-05 -0.12560E-05
 Y -0.14045E-05  0.15151E-01  0.34534E-05
 Z -0.12560E-05  0.34534E-05  0.15134E-01
 TENSOR EIGENVALUES:
 A  0.15115E-01  B  0.15152E-01  C  0.15134E-01
 PRINCIPAL AXES:
         X             Y             Z
 A  0.99781E+00  0.33203E-01  0.57249E-01
 B -0.44070E-01  0.97871E+00  0.20048E+00
 C -0.49373E-01 -0.20257E+00  0.97802E+00
 NON BONDING WANNIER FUNCTION
 DISTANCE CENTROID-ATOM    6(  0  0  0) :   0.88219E-04
 ATOMIC POPULATION DATA:
  6 F (  0  0  0)  1.0000
 A.O. POPULATIONS OF ATOM    6(  0  0  0):
   0.3815   0.6290   0.0028  -0.0117  -0.0016   0.0000   0.0000   0.0000
   0.0000   0.0000   0.0000   0.0000   0.0000   0.0000   0.0000   0.0000
  -0.0000   0.0000   0.0000
~~~~~~~~~~~~~~~~~~~~~~~~~~~~~~~~~~~~~~~~~~~~~~~~~~~~~~~~~~~~~~~~~~~~~~~~~~~~~~~~
 WANNIER NUMBER   19 ATOMIC EXTENT  1.0000
 CENTROID'S COORDINATES R0:   -0.39622E+01    0.25288E+01    0.38023E+01
 EXPECTATION VALUE OF (R-R0)**2:  0.41839E-01
 SECOND ORDER TENSOR IN CARTESIAN AXES:
         X             Y             Z
 X  0.12558E-01  0.34595E-03  0.34742E-03
 Y  0.34595E-03  0.14894E-01  0.21211E-02
 Z  0.34742E-03  0.21211E-02  0.14387E-01
 TENSOR EIGENVALUES:
 A  0.12473E-01  B  0.16833E-01  C  0.12533E-01
 PRINCIPAL AXES:
         X             Y             Z
 A  0.71669E+00  0.39882E+00 -0.57210E+00
 B  0.11374E+00  0.74252E+00  0.66010E+00
 C  0.68806E+00 -0.53815E+00  0.48679E+00
 NON BONDING WANNIER FUNCTION
 DISTANCE CENTROID-ATOM    4(  0  0  0) :   0.10215E+00
 ATOMIC POPULATION DATA:
  4 ZN(  0  0  0)  1.0000
 A.O. POPULATIONS OF ATOM    4(  0  0  0):
  -0.0063   0.2657  -0.0034  -0.0063   0.0004  -0.0001  -0.0000  -0.0000
  -0.0000   0.0102   0.4244   0.3361  -0.0003  -0.0114  -0.0090   0.0000
   0.0001   0.0000   0.0000   0.0000   0.0000   0.0000   0.0000   0.0000
   0.0000   0.0000   0.0000   0.0000   0.0000   0.0000   0.0000   0.0000
   0.0000
~~~~~~~~~~~~~~~~~~~~~~~~~~~~~~~~~~~~~~~~~~~~~~~~~~~~~~~~~~~~~~~~~~~~~~~~~~~~~~~~
 WANNIER NUMBER   20 ATOMIC EXTENT  0.9974
 CENTROID'S COORDINATES R0:   -0.37671E+01   -0.21349E+01   -0.21218E+01
 EXPECTATION VALUE OF (R-R0)**2:  0.58452E+00
 SECOND ORDER TENSOR IN CARTESIAN AXES:
         X             Y             Z
 X  0.17847E+00  0.24570E-01 -0.37933E-01
 Y  0.24570E-01  0.20698E+00 -0.57549E-01
 Z -0.37933E-01 -0.57549E-01  0.19907E+00
 TENSOR EIGENVALUES:
 A  0.16467E+00  B  0.27984E+00  C  0.14001E+00
 PRINCIPAL AXES:
         X             Y             Z
 A  0.80845E+00 -0.58265E+00 -0.83254E-01
 B  0.39973E+00  0.64736E+00 -0.64896E+00
 C  0.43201E+00  0.49137E+00  0.75626E+00
 NON BONDING WANNIER FUNCTION
 DISTANCE CENTROID-ATOM    3(  0  0  0) :   0.49314E+00
 ATOMIC POPULATION DATA:
  3 ZN(  0  0  0)  1.0013
 A.O. POPULATIONS OF ATOM    3(  0  0  0):
  -0.0000  -0.0044   0.0704   0.0498   0.0013   0.0002  -0.0000   0.0007
   0.0005  -0.0018  -0.0043  -0.0044   0.0485   0.1144   0.1207   0.0121
   0.0289   0.0304   0.0091   0.0447   0.1372   0.0133   0.0911   0.0053
   0.0269   0.0812   0.0080   0.0547   0.0018   0.0107   0.0295   0.0031
   0.0216
~~~~~~~~~~~~~~~~~~~~~~~~~~~~~~~~~~~~~~~~~~~~~~~~~~~~~~~~~~~~~~~~~~~~~~~~~~~~~~~~
 WANNIER NUMBER   21 ATOMIC EXTENT  0.9996
 CENTROID'S COORDINATES R0:   -0.42900E+01   -0.21627E+01   -0.19774E+01
 EXPECTATION VALUE OF (R-R0)**2:  0.64998E+00
 SECOND ORDER TENSOR IN CARTESIAN AXES:
         X             Y             Z
 X  0.24625E+00 -0.59501E-01  0.45296E-01
 Y -0.59501E-01  0.23617E+00 -0.41552E-01
 Z  0.45296E-01 -0.41552E-01  0.16755E+00
 TENSOR EIGENVALUES:
 A  0.32493E+00  B  0.18150E+00  C  0.14355E+00
 PRINCIPAL AXES:
         X             Y             Z
 A  0.68597E+00 -0.63015E+00  0.36381E+00
 B  0.67619E+00  0.73673E+00  0.11138E-02
 C -0.26873E+00  0.24524E+00  0.93147E+00
 NON BONDING WANNIER FUNCTION
 DISTANCE CENTROID-ATOM    3(  0  0  0) :   0.46184E+00
 ATOMIC POPULATION DATA:
  3 ZN(  0  0  0)  1.0002
 A.O. POPULATIONS OF ATOM    3(  0  0  0):
  -0.0000  -0.0036   0.0581   0.0412   0.0012   0.0007  -0.0002   0.0003
   0.0002  -0.0043  -0.0035  -0.0012   0.1176   0.0982   0.0337   0.0293
   0.0247   0.0085   0.0102   0.0462   0.0490   0.0020   0.2196   0.0062
   0.0277   0.0290   0.0012   0.1319   0.0025   0.0110   0.0107   0.0003
   0.0521
~~~~~~~~~~~~~~~~~~~~~~~~~~~~~~~~~~~~~~~~~~~~~~~~~~~~~~~~~~~~~~~~~~~~~~~~~~~~~~~~
 WANNIER NUMBER   22 ATOMIC EXTENT  0.9993
 CENTROID'S COORDINATES R0:   -0.43003E+01    0.27611E+01    0.38433E+01
 EXPECTATION VALUE OF (R-R0)**2:  0.65202E+00
 SECOND ORDER TENSOR IN CARTESIAN AXES:
         X             Y             Z
 X  0.25204E+00 -0.67433E-01 -0.31985E-01
 Y -0.67433E-01  0.24469E+00  0.24008E-01
 Z -0.31985E-01  0.24008E-01  0.15529E+00
 TENSOR EIGENVALUES:
 A  0.32520E+00  B  0.18138E+00  C  0.14544E+00
 PRINCIPAL AXES:
         X             Y             Z
 A  0.71193E+00 -0.66425E+00 -0.22788E+00
 B  0.65656E+00  0.74473E+00 -0.11962E+00
 C  0.24916E+00 -0.64456E-01  0.96631E+00
 NON BONDING WANNIER FUNCTION
 DISTANCE CENTROID-ATOM    4(  0  0  0) :   0.46182E+00
 ATOMIC POPULATION DATA:
  4 ZN(  0  0  0)  1.0003
 A.O. POPULATIONS OF ATOM    4(  0  0  0):
  -0.0000  -0.0037   0.0584   0.0414   0.0012   0.0005   0.0007   0.0002
  -0.0001  -0.0046  -0.0040  -0.0005   0.1229   0.1114   0.0143   0.0307
   0.0278   0.0035   0.0301   0.0157   0.0275   0.0016   0.2520   0.0181
   0.0095   0.0163   0.0009   0.1515   0.0071   0.0037   0.0061   0.0003
   0.0600
~~~~~~~~~~~~~~~~~~~~~~~~~~~~~~~~~~~~~~~~~~~~~~~~~~~~~~~~~~~~~~~~~~~~~~~~~~~~~~~~
 WANNIER NUMBER   23 ATOMIC EXTENT  1.0000
