Date: 2025-01-24 17:10:22
Running on: AGKraus-Super-Server
Temporary directory: /scratch/sachs//CRY_3585475
Executable: /Data/Software/crystal/crystal23/bin/Linux-ifort_i64/v1.0.1_openmpi//properties
Output: /Data/Sachs/projekte/ferroelectric_fluorides/calculations/BaZnF4_oS24_SG63_PBE0_tzvp_wannier/4.prop.out
Properties input data 4.d3
NEWK
0 8
8 8 5
1 0
LOCALI
END
END
END
Creating temporary directory /scratch/sachs//CRY_3585475 on node AGKraus-Super-Server
SCF wavefunction 4.w is available as /scratch/sachs//CRY_3585475/fort.9

         
 *******************************************************************************
 *                                                                             *
 *                               CRYSTAL23                                     *
 *                      public : 1.0.1 - October 2022                          *
 *                       HTTP://WWW.CRYSTAL.UNITO.IT                           *
 *                                                                             *
 *                              MAIN AUTHORS                                   *
 *                                                                             *
 *  R. DOVESI(1,11), V.R. SAUNDERS(2), C. ROETTI(1,11), R. ORLANDO(1,11),      *
 *  C.M. ZICOVICH-WILSON(1,3), F. PASCALE(4), B. CIVALLERI(1,11),              *
 *  K. DOLL(5), N.M. HARRISON(6), I.J. BUSH(7), Ph. D'ARCO(8),                 *
 *  M. LLUNELL(9), M. CAUSA'(10), Y. NOEL(8), L. MASCHIO(1,11), A. ERBA(1,11)  *
 *  M. RE'RAT(14), S. CASASSA(1,11), B.G. SEARLE(2), J.K. DESMARAIS(1)         *
 *                                                                             *
 *        CONTRIBUTIONS TO THE CODE HAVE ALSO BEEN GIVEN BY                    *
 *                                                                             *
 *  M. FERRABONE(1,11), M. DE LA PIERRE(1,11), M. FERRERO(1,11),               *
 *  J. BAIMA(1,11), E. ALBANESE(1,11), M.F. PEINTINGER(12), R. BAST(13),       *
 *  B. KIRTMAN(15), V. LACIVITA(1,11), R. DEMICHELIS(1,16)                     *
 *  G. BRANDEBURG(17), S. SALUSTRO(1,11), G. SANSONE(1,11)                     *
 *  M.T. RUGGIERO(18), L.E. DAGA(1), L. DONA'(1), A. COSSARD(1)                *
 *                                                                             *
 * (1) THEORETICAL CHEMISTRY GROUP - UNIVERSITA' DI TORINO - TORINO (ITALY)    *
 * (2) SCIENTIFIC COMPUTING DEPARTMENT - STFC DARESBURY (UK)                   *
 * (3) UNIVERSIDAD AUTONOMA DEL ESTADO DE MORELOS - CUERNAVACA (MEXICO)        *
 * (4) UNIVERSITE' DE LORRAINE - NANCY (FRANCE)                                *
 * (5) UNIVERSITAET STUTTGART- STUTTGART (GERMANY)                             *
 * (6) IMPERIAL COLLEGE - LONDON (UK)                                          *
 * (7) SCIENTIFIC COMPUTING DEPARTMENT - STFC RAL (UK)                         *
 * (8) UPMC - SORBONNE UNIVERSITES - PARIS (FRANCE)                            *
 * (9) UNIVERSIDAD DE BARCELONA - BARCELONA (SPAIN)                            *
 *(10) UNIVERSITA' DI NAPOLI "FEDERICO II" - NAPOLI (ITALY)                    *
 *(11) NIS - NANOSTRUCTURED INTERFACES AND SURFACES - TORINO (ITALY)           *
 *(12) MPI FUER CHEMISCHE ENERGIEKONVERSION - MUELHEIM AN DER RUHR (GERMANY)   *
 *(13) UNIVERSITY OF TROMSO - TROMSO (NORWAY)                                  *
 *(14) UNIVERSITE' DE PAU ET DES PAYS DE L'ADOUR - PAU (FRANCE)                *
 *(15) UNIVERSITY OF CALIFORNIA SANTA BARBARA - SANTA BARBARA (USA)            *
 *(16) CURTIN UNIVERSITY - PERTH (AUSTRALIA)                                   *
 *(17) UNIVERSITY COLLEGE LONDON - LONDON (UK)                                 *
 *(18) UNIVERSITY OF VERMONT - BURLINGTON (USA)                                *
 *                                                                             *
 *******************************************************************************
 EEEEEEEEEE STARTING  DATE 24 01 2025 TIME 17:10:22.8
 INFORMATION **** SET_MPP **** PCRYSTAL CALCULATION

 *******************************************************************************
 Polarisation path Nr. 4.                                                        
 CRYSTAL - PROPERTIES - TYPE OF CALCULATION :  RESTRICTED CLOSED SHELL
 *******************************************************************************
 KOHN-SHAM HAMILTONIAN

 (EXCHANGE)[CORRELATION] FUNCTIONAL:(PERDEW-BURKE-ERNZERHOF)[PERDEW-BURKE-ERNZERHOF]


 HYBRID EXCHANGE - PERCENTAGE OF FOCK EXCHANGE    25.0000

 DIRECT LATTICE VECTOR COMPONENTS (ANGSTROM)
         2.10290    7.28597    0.00000
        -2.10290    7.28597    0.00000
         0.00000    0.00000    5.86498

 LATTICE PARAMETERS  (ANGSTROM AND DEGREES) - PRIMITIVE CELL
       A          B          C         ALPHA      BETA     GAMMA        VOLUME
    7.58337    7.58337    5.86498     90.0000   90.0000   32.1988     179.72270
 *******************************************************************************
 N. OF ATOMS PER CELL        12 COULOMB OVERLAP TOL          (T1) 10**   -8
 NUMBER OF SHELLS           100 COULOMB PENETRATION TOL      (T2) 10**   -8
 NUMBER OF AO               256 EXCHANGE OVERLAP TOL         (T3) 10**   -8
 N. OF ELECTRONS PER CELL   152 EXCHANGE PSEUDO OVP (F(G))   (T4) 10**   -8
 CORE ELECTRONS PER CELL     52 EXCHANGE PSEUDO OVP (P(G))   (T5) 10**  -16
 N. OF SYMMETRY OPERATORS     4 POLE ORDER IN MONO ZONE                   4
 CORE  PSEUDO POTENTIAL         TOL. ON PSEUDO              (TP) 10**- 6
 *******************************************************************************
   ATOM N.AT.  SHELL    X(A)      Y(A)      Z(A)      EXAD       N.ELECT.
 *******************************************************************************
    1  256 BA    6    -0.000     2.165    -0.778   2.732E-01       8.291
    2  256 BA    6     0.000    -2.165     2.154   2.732E-01       8.291
    3   30 ZN   12    -2.103    -1.264    -1.015   3.903E-01      28.855
    4   30 ZN   12    -2.103     1.264     1.917   3.903E-01      28.855
    5    9 F     8    -2.103    -2.906    -2.193   1.400E+00       9.739
    6    9 F     8    -2.103     2.906     0.740   1.400E+00       9.739
    7    9 F     8    -2.103    -2.436     0.577   1.400E+00       9.736
    8    9 F     8    -2.103     2.436    -2.355   1.400E+00       9.736
    9    9 F     8    -0.000     1.115     1.827   1.400E+00       9.696
   10    9 F     8     0.000    -1.115    -1.105   1.400E+00       9.696
   11    9 F     8    -2.103    -0.457     2.913   1.400E+00       9.683
   12    9 F     8    -2.103     0.457    -0.020   1.400E+00       9.683
 *******************************************************************************
 DE(K)                   0.000E+00  ENERGY LEVEL SHIFTING        0.00000
 TOTAL ENERGY -4.4084124190347E+03  CONVERGENCE ON ENER       -7.346E-09
 KIN. ENERGY   4.3659975935119E+03  VIR. COEFF.           1.01558323E+00
 N. OF SCF CYCLES                9  FERMI ENERGY              -0.254E+00
 WEIGHT OF F(I) IN F(I+1)      80
 SHRINK. FACT.(MONKH.)     8  8  5  SHRINKING FACTOR(GILAT NET)        8
 NUMBER OF K POINTS IN THE IBZ  63  CELL VOLUME (A.U.)       1212.828899
 *******************************************************************************

 GCALCO - MAX INDICES DIRECT LATTICE VECTOR    16    16    11
 NO.OF VECTORS CREATED 6999 STARS 1033 RMAX   126.66320 BOHR
 TTTTTTTTTTTTTTTTTTTTTTTTTTTTTT gordsh1     TELAPSE        0.05 TCPU        0.05

 MATRIX SIZE: P(G)  371836, F(G)   65328, P(G) IRR   59485, F(G) IRR   22562
 MAX G-VECTOR INDEX FOR 1- AND 2-ELECTRON INTEGRALS 101


 CAPPA:IS1  8;IS2  8;IS3  5; K PTS MONK NET  63; SYMMOPS:K SPACE   8;G SPACE   4


 CAPPA:IS1  8;IS2  8;IS3  5; K PTS MONK NET  63; SYMMOPS:K SPACE   8;G SPACE   4

 *******************************************************************************
 RESTART WITH NEW K POINTS NET
 *******************************************************************************
 POINTS IN THE IBZ                  63 POINTS(GILAT NET)                63
 SHRINK FACTORS(MONK.)         8  8  5 SHRINK FACTOR(GILAT)              8
 *******************************************************************************
 *** K POINTS COORDINATES (OBLIQUE COORDINATES IN UNITS OF IS =  8)
   1-R(  0  0  0)   2-C(  1  0  0)   3-C(  2  0  0)   4-C(  3  0  0)
   5-R(  4  0  0)   6-C(  1  1  0)   7-C(  2  1  0)   8-C(  3  1  0)
   9-C(  4  1  0)  10-C(  5  1  0)  11-C(  6  1  0)  12-C(  7  1  0)
  13-C(  2  2  0)  14-C(  3  2  0)  15-C(  4  2  0)  16-C(  5  2  0)
  17-C(  6  2  0)  18-C(  3  3  0)  19-C(  4  3  0)  20-C(  5  3  0)
  21-R(  4  4  0)  22-C(  0  0  1)  23-C(  1  0  1)  24-C(  2  0  1)
  25-C(  3  0  1)  26-C(  4  0  1)  27-C(  1  1  1)  28-C(  2  1  1)
  29-C(  3  1  1)  30-C(  4  1  1)  31-C(  5  1  1)  32-C(  6  1  1)
  33-C(  7  1  1)  34-C(  2  2  1)  35-C(  3  2  1)  36-C(  4  2  1)
  37-C(  5  2  1)  38-C(  6  2  1)  39-C(  3  3  1)  40-C(  4  3  1)
  41-C(  5  3  1)  42-C(  4  4  1)  43-C(  0  0  2)  44-C(  1  0  2)
  45-C(  2  0  2)  46-C(  3  0  2)  47-C(  4  0  2)  48-C(  1  1  2)
  49-C(  2  1  2)  50-C(  3  1  2)  51-C(  4  1  2)  52-C(  5  1  2)
  53-C(  6  1  2)  54-C(  7  1  2)  55-C(  2  2  2)  56-C(  3  2  2)
  57-C(  4  2  2)  58-C(  5  2  2)  59-C(  6  2  2)  60-C(  3  3  2)
  61-C(  4  3  2)  62-C(  5  3  2)  63-C(  4  4  2)

 FERMI ENERGY AND DENSITY MATRIX CALCULATION ON COMPUTED EIGENVECTORS
 DENSITY MATRIX AT SCF CYCLE (  9+1)

 INSULATING STATE
 TOP OF VALENCE BANDS -    BAND     76; K   26; EIG -2.5350519E-01 AU
 TOP OF VALENCE BANDS -    BAND     76; K    1; EIG -2.5641275E-01 AU
 BOTTOM OF VIRTUAL BANDS - BAND     77; K    1; EIG  6.1998799E-02 AU
 INDIRECT ENERGY BAND GAP:   8.5853 eV

 CORE DENSITY MATRIX CALCULATION
 TTTTTTTTTTTTTTTTTTTTTTTTTTTTTT NEWK        TELAPSE        7.34 TCPU        7.30
 INSULATING STATE
 TOP OF VALENCE BANDS -    BAND     76; K   26; EIG -2.5350519E-01 AU
 TOP OF VALENCE BANDS -    BAND     76; K    1; EIG -2.5641275E-01 AU
 BOTTOM OF VIRTUAL BANDS - BAND     77; K    1; EIG  6.1998799E-02 AU
 INDIRECT ENERGY BAND GAP:   8.5853 eV

 LOCALISATION OF THE CRYSTALLINE ORBITALS
 ACCORDING TO A WANNIER-BOYS MIXED SCHEME

 LIST OF ACTIVE BANDS
      1     2     3     4     5     6     7     8     9    10    11    12    13
     14    15    16    17    18    19    20    21    22    23    24    25    26
     27    28    29    30    31    32    33    34    35    36    37    38    39
     40    41    42    43    44    45    46    47    48    49    50    51    52
     53    54    55    56    57    58    59    60    61    62    63    64    65
     66    67    68    69    70    71    72    73    74    75    76

 CONVERGENCE CRITERION: ABS(ADI(N) - ADI(N-1)) LT  0.1000E-04
 WHERE ADI IS THE ATOMIC DELOCALISATION INDEX AND N IS THE CYCLE NUMBER

 OMEGA IS THE SUM OF THE (X -X0)**2 EXPECTATION VALUES (MARZARI-VANDERBILT'S
 FUNCTIONAL)
 N OF CELLS IN THE MAXIMUM CYCLIC AND UNFOLDED CLUSTERS:  320  975
 N OF VERTICES IN THE UNFOLDED CLUSTER:  2
 TTTTTTTTTTTTTTTTTTTTTTTTTTTTTT SDKVDK      TELAPSE        7.82 TCPU        7.79

 *******************************************************************************
 CYCLE  1, DIPOLE MATRIX ELEMENTS EVALUATED WHEN WANNIER COEFF GT 10**-5
 AUTOMATIC INITIAL GUESS REQUESTED
 TTTTTTTTTTTTTTTTTTTTTTTTTTTTTT WAN0        TELAPSE        9.95 TCPU        9.91
 CLUSTER SIZE =  169 UNIT CELLS
 TTTTTTTTTTTTTTTTTTTTTTTTTTTTTT WANTOL      TELAPSE       10.33 TCPU       10.29
 TTTTTTTTTTTTTTTTTTTTTTTTTTTTTT BOYS1       TELAPSE       47.62 TCPU       47.58

 ATOMIC DELOCALISATION INDEX (BEFORE BOYS)     2.848352763    
 NORM        75.9999992825   (ERR PER WF    0.94E-08)
 BOYS LOCALISED FUNCTIONS AFTER   73 CYCLES (MAX = 500 TOL = 0.1E-07)

 SUM OF THE SQUARES OF THE DISTANCES BETWEEN CENTROIDS = 138056.    
 TTTTTTTTTTTTTTTTTTTTTTTTTTTTTT BOYS3       TELAPSE       47.67 TCPU       47.63
 OMEGA =   91.33013771          ABS(OMEGA(N)-OMEGA(N-1)) =   0.91330E+02
 TTTTTTTTTTTTTTTTTTTTTTTTTTTTTT BOYS1       TELAPSE       51.88 TCPU       51.84

 ATOMIC DELOCALISATION INDEX (AFTER  BOYS)     1.026187618    
 NORM        75.9999992825   (ERR PER WF    0.94E-08)
 TTTTTTTTTTTTTTTTTTTTTTTTTTTTTT WANTST      TELAPSE       51.88 TCPU       51.84

 *******************************************************************************
 CYCLE  2, DIPOLE MATRIX ELEMENTS EVALUATED WHEN WANNIER COEFF GT 10**-5
 TTTTTTTTTTTTTTTTTTTTTTTTTTTTTT WAN0        TELAPSE       53.89 TCPU       53.85
 CLUSTER SIZE =  169 UNIT CELLS
 TTTTTTTTTTTTTTTTTTTTTTTTTTTTTT WANTOL      TELAPSE       54.24 TCPU       54.20
 TTTTTTTTTTTTTTTTTTTTTTTTTTTTTT BOYS1       TELAPSE       92.00 TCPU       91.96

 ATOMIC DELOCALISATION INDEX (BEFORE BOYS)     1.025103768    
 NORM        76.0000000015   (ERR PER WF    0.20E-10)
 BOYS LOCALISED FUNCTIONS AFTER    7 CYCLES (MAX = 500 TOL = 0.1E-07)

 SUM OF THE SQUARES OF THE DISTANCES BETWEEN CENTROIDS = 138077.    
 TTTTTTTTTTTTTTTTTTTTTTTTTTTTTT BOYS3       TELAPSE       92.01 TCPU       91.97
 OMEGA =   89.77099958          ABS(OMEGA(N)-OMEGA(N-1)) =   0.15591E+01
 TTTTTTTTTTTTTTTTTTTTTTTTTTTTTT BOYS1       TELAPSE       96.25 TCPU       96.21

 ATOMIC DELOCALISATION INDEX (AFTER  BOYS)     1.025639317    
 NORM        76.0000000015   (ERR PER WF    0.20E-10)
 TTTTTTTTTTTTTTTTTTTTTTTTTTTTTT WANTST      TELAPSE       96.25 TCPU       96.21

 *******************************************************************************
 CYCLE  3, DIPOLE MATRIX ELEMENTS EVALUATED WHEN WANNIER COEFF GT 10**-5
 TTTTTTTTTTTTTTTTTTTTTTTTTTTTTT WAN0        TELAPSE       98.27 TCPU       98.23
 CLUSTER SIZE =  169 UNIT CELLS
 TTTTTTTTTTTTTTTTTTTTTTTTTTTTTT WANTOL      TELAPSE       98.61 TCPU       98.57
 TTTTTTTTTTTTTTTTTTTTTTTTTTTTTT BOYS1       TELAPSE      136.41 TCPU      136.37

 ATOMIC DELOCALISATION INDEX (BEFORE BOYS)     1.025103211    
 NORM        76.0000000012   (ERR PER WF    0.16E-10)
 BOYS LOCALISED FUNCTIONS AFTER    5 CYCLES (MAX = 500 TOL = 0.1E-07)

 SUM OF THE SQUARES OF THE DISTANCES BETWEEN CENTROIDS = 138077.    
 TTTTTTTTTTTTTTTTTTTTTTTTTTTTTT BOYS3       TELAPSE      136.41 TCPU      136.37
 OMEGA =   89.77070492          ABS(OMEGA(N)-OMEGA(N-1)) =   0.29466E-03
 TTTTTTTTTTTTTTTTTTTTTTTTTTTTTT BOYS1       TELAPSE      140.62 TCPU      140.58

 ATOMIC DELOCALISATION INDEX (AFTER  BOYS)     1.025639171    
 NORM        76.0000000012   (ERR PER WF    0.16E-10)
 TTTTTTTTTTTTTTTTTTTTTTTTTTTTTT WANTST      TELAPSE      140.62 TCPU      140.58

 *******************************************************************************
 FINAL RESULTS 

 WANNIER F LOCALIZATION - CONVERGENCE ACHIEVED     0.1469E-06
 TTTTTTTTTTTTTTTTTTTTTTTTTTTTTT BOYS1       TELAPSE      197.08 TCPU      197.04

 WANNIER ATOMIC POPULATIONS LARGER THAN   0.10E-01 ARE GIVEN
 DATA ARE AS FOLLOWS: ATOM, CELL INDICES AND ATOMIC POPULATION

~~~~~~~~~~~~~~~~~~~~~~~~~~~~~~~~~~~~~~~~~~~~~~~~~~~~~~~~~~~~~~~~~~~~~~~~~~~~~~~~
 WANNIER NUMBER    1 ATOMIC EXTENT  1.0000
 CENTROID'S COORDINATES R0:   -0.37478E+01   -0.19998E+01   -0.20236E+01
 EXPECTATION VALUE OF (R-R0)**2:  0.65355E+00
 SECOND ORDER TENSOR IN CARTESIAN AXES:
         X             Y             Z
 X  0.20728E+00  0.59595E-01 -0.31312E-01
 Y  0.59595E-01  0.28290E+00 -0.25042E-01
 Z -0.31312E-01 -0.25042E-01  0.16337E+00
 TENSOR EIGENVALUES:
 A  0.18253E+00  B  0.32427E+00  C  0.14674E+00
 PRINCIPAL AXES:
         X             Y             Z
 A  0.70907E+00 -0.53551E+00 -0.45875E+00
 B  0.48955E+00  0.84209E+00 -0.22632E+00
 C  0.50751E+00 -0.64104E-01  0.85926E+00
 NON BONDING WANNIER FUNCTION
 DISTANCE CENTROID-ATOM    3(  0  0  0) :   0.46138E+00
 ATOMIC POPULATION DATA:
  3 ZN(  0  0  0)  1.0000
 A.O. POPULATIONS OF ATOM    3(  0  0  0):
  -0.0000  -0.0036   0.0587   0.0416   0.0010   0.0001  -0.0001   0.0007
   0.0002  -0.0022  -0.0062  -0.0004   0.0602   0.1740   0.0119   0.0150
   0.0439   0.0031   0.0382   0.0021   0.0455   0.0530   0.1891   0.0231
   0.0013   0.0272   0.0318   0.1136   0.0094   0.0005   0.0105   0.0123
   0.0448
~~~~~~~~~~~~~~~~~~~~~~~~~~~~~~~~~~~~~~~~~~~~~~~~~~~~~~~~~~~~~~~~~~~~~~~~~~~~~~~~
 WANNIER NUMBER    2 ATOMIC EXTENT  1.0000
 CENTROID'S COORDINATES R0:   -0.40704E+01    0.23981E+01    0.35909E+01
 EXPECTATION VALUE OF (R-R0)**2:  0.41789E-01
 SECOND ORDER TENSOR IN CARTESIAN AXES:
         X             Y             Z
 X  0.16367E-01 -0.38461E-03  0.12385E-02
 Y -0.38461E-03  0.12500E-01 -0.14168E-03
 Z  0.12385E-02 -0.14168E-03  0.12921E-01
 TENSOR EIGENVALUES:
 A  0.16805E-01  B  0.12457E-01  C  0.12527E-01
 PRINCIPAL AXES:
         X             Y             Z
 A  0.94744E+00 -0.94707E-01  0.30560E+00
 B  0.10769E-01  0.96408E+00  0.26539E+00
 C -0.31976E+00 -0.24815E+00  0.91443E+00
 NON BONDING WANNIER FUNCTION
 DISTANCE CENTROID-ATOM    4(  0  0  0) :   0.10217E+00
 ATOMIC POPULATION DATA:
  4 ZN(  0  0  0)  1.0000
 A.O. POPULATIONS OF ATOM    4(  0  0  0):
  -0.0063   0.2659  -0.0035  -0.0062   0.0003  -0.0001  -0.0000  -0.0000
  -0.0000   0.6876   0.0075   0.0752  -0.0184  -0.0002  -0.0020   0.0001
   0.0000   0.0000   0.0000   0.0000   0.0000   0.0000   0.0000   0.0000
   0.0000   0.0000   0.0000   0.0000   0.0000   0.0000   0.0000   0.0000
   0.0000
~~~~~~~~~~~~~~~~~~~~~~~~~~~~~~~~~~~~~~~~~~~~~~~~~~~~~~~~~~~~~~~~~~~~~~~~~~~~~~~~
 WANNIER NUMBER    3 ATOMIC EXTENT  0.9967
 CENTROID'S COORDINATES R0:   -0.39019E+01    0.23053E+01    0.31739E+01
 EXPECTATION VALUE OF (R-R0)**2:  0.63954E+00
 SECOND ORDER TENSOR IN CARTESIAN AXES:
         X             Y             Z
 X  0.15959E+00 -0.21075E-01 -0.21971E-01
 Y -0.21075E-01  0.16878E+00  0.24715E-01
 Z -0.21971E-01  0.24715E-01  0.31117E+00
 TENSOR EIGENVALUES:
 A  0.14260E+00  B  0.17759E+00  C  0.31935E+00
 PRINCIPAL AXES:
         X             Y             Z
 A  0.78405E+00  0.62060E+00  0.11202E-01
 B -0.60040E+00  0.76286E+00 -0.23991E+00
 C -0.15743E+00  0.18137E+00  0.97073E+00
 NON BONDING WANNIER FUNCTION
 DISTANCE CENTROID-ATOM    4(  0  0  0) :   0.46214E+00
 ATOMIC POPULATION DATA:
  4 ZN(  0  0  0)  1.0017
 A.O. POPULATIONS OF ATOM    4(  0  0  0):
  -0.0000  -0.0038   0.0595   0.0420   0.0011   0.0001   0.0000   0.0002
   0.0003  -0.0002  -0.0003  -0.0087   0.0059   0.0075   0.2348   0.0015
   0.0019   0.0588   0.2650   0.0259   0.0361   0.0001   0.0030   0.1582
   0.0156   0.0212   0.0001   0.0018   0.0601   0.0062   0.0072   0.0001
   0.0007
~~~~~~~~~~~~~~~~~~~~~~~~~~~~~~~~~~~~~~~~~~~~~~~~~~~~~~~~~~~~~~~~~~~~~~~~~~~~~~~~
 WANNIER NUMBER    4 ATOMIC EXTENT  1.0000
 CENTROID'S COORDINATES R0:   -0.39271E+01   -0.24618E+01   -0.19716E+01
 EXPECTATION VALUE OF (R-R0)**2:  0.41832E-01
 SECOND ORDER TENSOR IN CARTESIAN AXES:
         X             Y             Z
 X  0.13389E-01 -0.14175E-02 -0.10027E-02
 Y -0.14175E-02  0.14778E-01  0.16463E-02
 Z -0.10027E-02  0.16463E-02  0.13665E-01
 TENSOR EIGENVALUES:
 A  0.12517E-01  B  0.16834E-01  C  0.12480E-01
 PRINCIPAL AXES:
         X             Y             Z
 A  0.85411E+00  0.18023E+00  0.48786E+00
 B -0.45004E+00  0.72630E+00  0.51957E+00
 C -0.26069E+00 -0.66333E+00  0.70145E+00
 NON BONDING WANNIER FUNCTION
 DISTANCE CENTROID-ATOM    3(  0  0  0) :   0.10217E+00
 ATOMIC POPULATION DATA:
  3 ZN(  0  0  0)  1.0000
 A.O. POPULATIONS OF ATOM    3(  0  0  0):
  -0.0063   0.2658  -0.0035  -0.0062   0.0003  -0.0001  -0.0000  -0.0000
  -0.0000   0.1614   0.4024   0.2067  -0.0043  -0.0109  -0.0056   0.0000
   0.0001   0.0000   0.0000   0.0000   0.0000   0.0000   0.0000   0.0000
   0.0000   0.0000   0.0000   0.0000   0.0000   0.0000   0.0000   0.0000
   0.0000
~~~~~~~~~~~~~~~~~~~~~~~~~~~~~~~~~~~~~~~~~~~~~~~~~~~~~~~~~~~~~~~~~~~~~~~~~~~~~~~~
 WANNIER NUMBER    5 ATOMIC EXTENT  1.0000
 CENTROID'S COORDINATES R0:   -0.40740E+01   -0.24077E+01   -0.19139E+01
 EXPECTATION VALUE OF (R-R0)**2:  0.41788E-01
 SECOND ORDER TENSOR IN CARTESIAN AXES:
         X             Y             Z
 X  0.16666E-01  0.82872E-03 -0.16270E-03
 Y  0.82872E-03  0.12618E-01 -0.34426E-04
 Z -0.16270E-03 -0.34426E-04  0.12504E-01
 TENSOR EIGENVALUES:
 A  0.16836E-01  B  0.12454E-01  C  0.12498E-01
 PRINCIPAL AXES:
         X             Y             Z
 A  0.98046E+00  0.19293E+00 -0.38357E-01
 B -0.19073E+00  0.98012E+00  0.54737E-01
 C  0.48155E-01 -0.46352E-01  0.99776E+00
 NON BONDING WANNIER FUNCTION
 DISTANCE CENTROID-ATOM    3(  0  0  0) :   0.10215E+00
 ATOMIC POPULATION DATA:
  3 ZN(  0  0  0)  1.0000
 A.O. POPULATIONS OF ATOM    3(  0  0  0):
  -0.0063   0.2659  -0.0035  -0.0063   0.0003  -0.0001  -0.0000  -0.0000
  -0.0000   0.7401   0.0287   0.0017  -0.0199  -0.0008  -0.0000   0.0001
   0.0000  -0.0000   0.0000   0.0000   0.0000   0.0000   0.0000   0.0000
   0.0000   0.0000   0.0000   0.0000   0.0000   0.0000   0.0000   0.0000
   0.0000
~~~~~~~~~~~~~~~~~~~~~~~~~~~~~~~~~~~~~~~~~~~~~~~~~~~~~~~~~~~~~~~~~~~~~~~~~~~~~~~~
 WANNIER NUMBER    6 ATOMIC EXTENT  1.0000
 CENTROID'S COORDINATES R0:   -0.39739E+01    0.23880E+01    0.36229E+01
 EXPECTATION VALUE OF (R-R0)**2:  0.45786E-02
 SECOND ORDER TENSOR IN CARTESIAN AXES:
         X             Y             Z
 X  0.15264E-02  0.24046E-06 -0.26876E-06
 Y  0.24046E-06  0.15258E-02  0.41091E-06
 Z -0.26876E-06  0.41091E-06  0.15264E-02
 TENSOR EIGENVALUES:
 A  0.15264E-02  B  0.15255E-02  C  0.15267E-02
 PRINCIPAL AXES:
         X             Y             Z
 A  0.74353E+00  0.53788E+00  0.39730E+00
 B -0.34329E+00  0.81690E+00 -0.46349E+00
 C -0.57386E+00  0.20823E+00  0.79204E+00
 NON BONDING WANNIER FUNCTION
 DISTANCE CENTROID-ATOM    4(  0  0  0) :   0.29660E-06
 ATOMIC POPULATION DATA:
  4 ZN(  0  0  0)  1.0000
 A.O. POPULATIONS OF ATOM    4(  0  0  0):
   1.0253  -0.0251  -0.0007   0.0005  -0.0001   0.0000   0.0000  -0.0000
  -0.0000   0.0000  -0.0000   0.0000   0.0000   0.0000   0.0000  -0.0000
   0.0000   0.0000   0.0000   0.0000   0.0000   0.0000   0.0000   0.0000
   0.0000   0.0000   0.0000   0.0000  -0.0000   0.0000  -0.0000   0.0000
   0.0000
~~~~~~~~~~~~~~~~~~~~~~~~~~~~~~~~~~~~~~~~~~~~~~~~~~~~~~~~~~~~~~~~~~~~~~~~~~~~~~~~
 WANNIER NUMBER    7 ATOMIC EXTENT  0.9977
 CENTROID'S COORDINATES R0:   -0.38162E+01    0.21881E+01    0.40411E+01
 EXPECTATION VALUE OF (R-R0)**2:  0.59246E+00
 SECOND ORDER TENSOR IN CARTESIAN AXES:
         X             Y             Z
 X  0.17155E+00 -0.23826E-02  0.38456E-01
 Y -0.23826E-02  0.17903E+00 -0.45670E-01
 Z  0.38456E-01 -0.45670E-01  0.24189E+00
 TENSOR EIGENVALUES:
 A  0.14217E+00  B  0.17254E+00  C  0.27776E+00
 PRINCIPAL AXES:
         X             Y             Z
 A  0.62136E+00 -0.59357E+00 -0.51146E+00
 B  0.71547E+00  0.69592E+00  0.61555E-01
 C  0.31940E+00 -0.40418E+00  0.85710E+00
 NON BONDING WANNIER FUNCTION
 DISTANCE CENTROID-ATOM    4(  0  0  0) :   0.48963E+00
 ATOMIC POPULATION DATA:
  4 ZN(  0  0  0)  1.0012
 A.O. POPULATIONS OF ATOM    4(  0  0  0):
  -0.0001  -0.0044   0.0720   0.0506   0.0014  -0.0010   0.0000   0.0000
   0.0011  -0.0010  -0.0016  -0.0076   0.0278   0.0455   0.2110   0.0070
   0.0113   0.0529   0.1124   0.0541   0.0902   0.0016   0.0343   0.0675
   0.0325   0.0538   0.0009   0.0206   0.0263   0.0130   0.0207   0.0002
   0.0082
~~~~~~~~~~~~~~~~~~~~~~~~~~~~~~~~~~~~~~~~~~~~~~~~~~~~~~~~~~~~~~~~~~~~~~~~~~~~~~~~
 WANNIER NUMBER    8 ATOMIC EXTENT  1.0000
 CENTROID'S COORDINATES R0:   -0.39591E+01   -0.22983E+01   -0.19652E+01
 EXPECTATION VALUE OF (R-R0)**2:  0.41834E-01
 SECOND ORDER TENSOR IN CARTESIAN AXES:
         X             Y             Z
 X  0.12580E-01  0.56687E-03 -0.29288E-03
 Y  0.56687E-03  0.15872E-01 -0.17280E-02
 Z -0.29288E-03 -0.17280E-02  0.13383E-01
 TENSOR EIGENVALUES:
 A  0.12484E-01  B  0.16852E-01  C  0.12498E-01
 PRINCIPAL AXES:
         X             Y             Z
 A  0.97604E+00 -0.56096E-01  0.21022E+00
 B  0.14771E+00  0.88026E+00 -0.45091E+00
 C -0.15975E+00  0.47116E+00  0.86746E+00
 NON BONDING WANNIER FUNCTION
 DISTANCE CENTROID-ATOM    3(  0  0  0) :   0.10212E+00
 ATOMIC POPULATION DATA:
  3 ZN(  0  0  0)  1.0000
 A.O. POPULATIONS OF ATOM    3(  0  0  0):
  -0.0063   0.2655  -0.0035  -0.0062   0.0003  -0.0001  -0.0000  -0.0000
  -0.0000   0.0163   0.5954   0.1592  -0.0004  -0.0161  -0.0043   0.0000
   0.0001   0.0000   0.0000   0.0000   0.0000   0.0000   0.0000   0.0000
   0.0000   0.0000   0.0000   0.0000   0.0000   0.0000   0.0000   0.0000
   0.0000
~~~~~~~~~~~~~~~~~~~~~~~~~~~~~~~~~~~~~~~~~~~~~~~~~~~~~~~~~~~~~~~~~~~~~~~~~~~~~~~~
 WANNIER NUMBER    9 ATOMIC EXTENT  1.0000
 CENTROID'S COORDINATES R0:   -0.39354E+01   -0.23842E+01   -0.18242E+01
 EXPECTATION VALUE OF (R-R0)**2:  0.41916E-01
 SECOND ORDER TENSOR IN CARTESIAN AXES:
         X             Y             Z
 X  0.13102E-01  0.51848E-04  0.15236E-02
 Y  0.51848E-04  0.12517E-01  0.11782E-03
 Z  0.15236E-02  0.11782E-03  0.16297E-01
 TENSOR EIGENVALUES:
 A  0.12491E-01  B  0.12515E-01  C  0.16911E-01
 PRINCIPAL AXES:
         X             Y             Z
 A  0.91394E+00 -0.18725E+00 -0.36006E+00
 B  0.16321E+00  0.98188E+00 -0.96326E-01
 C  0.37157E+00  0.29270E-01  0.92794E+00
 NON BONDING WANNIER FUNCTION
 DISTANCE CENTROID-ATOM    3(  0  0  0) :   0.10212E+00
 ATOMIC POPULATION DATA:
  3 ZN(  0  0  0)  1.0000
 A.O. POPULATIONS OF ATOM    3(  0  0  0):
  -0.0063   0.2658  -0.0035  -0.0063   0.0004  -0.0001  -0.0000  -0.0000
  -0.0000   0.1097   0.0011   0.6600  -0.0030  -0.0000  -0.0179   0.0000
   0.0000   0.0001   0.0000   0.0000   0.0000   0.0000   0.0000   0.0000
   0.0000   0.0000   0.0000   0.0000   0.0000   0.0000   0.0000   0.0000
   0.0000
~~~~~~~~~~~~~~~~~~~~~~~~~~~~~~~~~~~~~~~~~~~~~~~~~~~~~~~~~~~~~~~~~~~~~~~~~~~~~~~~
 WANNIER NUMBER   10 ATOMIC EXTENT  1.0000
 CENTROID'S COORDINATES R0:   -0.39542E+01    0.22894E+01    0.36410E+01
 EXPECTATION VALUE OF (R-R0)**2:  0.41852E-01
 SECOND ORDER TENSOR IN CARTESIAN AXES:
         X             Y             Z
 X  0.12640E-01 -0.77872E-03  0.12399E-03
 Y -0.77872E-03  0.16542E-01 -0.76156E-03
 Z  0.12399E-03 -0.76156E-03  0.12671E-01
 TENSOR EIGENVALUES:
 A  0.12480E-01  B  0.16834E-01  C  0.12538E-01
 PRINCIPAL AXES:
         X             Y             Z
 A  0.88054E+00  0.24490E+00  0.40581E+00
 B -0.18466E+00  0.96578E+00 -0.18214E+00
 C -0.43653E+00  0.85440E-01  0.89562E+00
 NON BONDING WANNIER FUNCTION
 DISTANCE CENTROID-ATOM    4(  0  0  0) :   0.10217E+00
 ATOMIC POPULATION DATA:
  4 ZN(  0  0  0)  1.0000
 A.O. POPULATIONS OF ATOM    4(  0  0  0):
  -0.0063   0.2657  -0.0035  -0.0063   0.0003  -0.0001  -0.0000  -0.0000
  -0.0000   0.0288   0.7176   0.0242  -0.0008  -0.0193  -0.0007   0.0000
   0.0001   0.0000   0.0000   0.0000   0.0000   0.0000   0.0000   0.0000
   0.0000   0.0000   0.0000   0.0000   0.0000   0.0000   0.0000   0.0000
   0.0000
~~~~~~~~~~~~~~~~~~~~~~~~~~~~~~~~~~~~~~~~~~~~~~~~~~~~~~~~~~~~~~~~~~~~~~~~~~~~~~~~
 WANNIER NUMBER   11 ATOMIC EXTENT  1.0000
 CENTROID'S COORDINATES R0:   -0.39739E+01    0.86379E+00   -0.37442E-01
 EXPECTATION VALUE OF (R-R0)**2:  0.45445E-01
 SECOND ORDER TENSOR IN CARTESIAN AXES:
         X             Y             Z
 X  0.15092E-01 -0.15953E-06  0.24964E-06
 Y -0.15953E-06  0.15190E-01  0.57768E-04
 Z  0.24964E-06  0.57768E-04  0.15162E-01
 TENSOR EIGENVALUES:
 A  0.15092E-01  B  0.15236E-01  C  0.15117E-01
 PRINCIPAL AXES:
         X             Y             Z
 A  0.99993E+00  0.73385E-02 -0.96971E-02
 B  0.19692E-03  0.78752E+00  0.61628E+00
 C  0.12159E-01 -0.61624E+00  0.78746E+00
 NON BONDING WANNIER FUNCTION
 DISTANCE CENTROID-ATOM   12(  0  0  0) :   0.47501E-04
 ATOMIC POPULATION DATA:
 12 F (  0  0  0)  1.0000
 A.O. POPULATIONS OF ATOM   12(  0  0  0):
   0.3815   0.6290   0.0030  -0.0119  -0.0015   0.0000   0.0000   0.0000
   0.0000   0.0000   0.0000   0.0000   0.0000   0.0000   0.0000   0.0000
   0.0000   0.0000   0.0000
~~~~~~~~~~~~~~~~~~~~~~~~~~~~~~~~~~~~~~~~~~~~~~~~~~~~~~~~~~~~~~~~~~~~~~~~~~~~~~~~
 WANNIER NUMBER   12 ATOMIC EXTENT  1.0000
 CENTROID'S COORDINATES R0:   -0.39739E+01   -0.86379E+00    0.55042E+01
 EXPECTATION VALUE OF (R-R0)**2:  0.45441E-01
 SECOND ORDER TENSOR IN CARTESIAN AXES:
         X             Y             Z
 X  0.15093E-01  0.51584E-06 -0.23130E-06
 Y  0.51584E-06  0.15187E-01 -0.56960E-04
 Z -0.23130E-06 -0.56960E-04  0.15162E-01
 TENSOR EIGENVALUES:
 A  0.15093E-01  B  0.15232E-01  C  0.15116E-01
 PRINCIPAL AXES:
         X             Y             Z
 A  0.99997E+00 -0.69306E-02 -0.23703E-02
 B  0.39134E-02  0.77905E+00 -0.62694E+00
 C  0.61917E-02  0.62692E+00  0.77906E+00
 NON BONDING WANNIER FUNCTION
 DISTANCE CENTROID-ATOM   11(  0  0  0) :   0.47947E-04
 ATOMIC POPULATION DATA:
 11 F (  0  0  0)  1.0000
 A.O. POPULATIONS OF ATOM   11(  0  0  0):
   0.3815   0.6289   0.0030  -0.0119  -0.0015   0.0000   0.0000   0.0000
   0.0000   0.0000   0.0000   0.0000   0.0000   0.0000   0.0000   0.0000
   0.0000   0.0000   0.0000
~~~~~~~~~~~~~~~~~~~~~~~~~~~~~~~~~~~~~~~~~~~~~~~~~~~~~~~~~~~~~~~~~~~~~~~~~~~~~~~~
 WANNIER NUMBER   13 ATOMIC EXTENT  1.0000
 CENTROID'S COORDINATES R0:   -0.65224E-06   -0.21069E+01   -0.20885E+01
 EXPECTATION VALUE OF (R-R0)**2:  0.45438E-01
 SECOND ORDER TENSOR IN CARTESIAN AXES:
         X             Y             Z
 X  0.15260E-01 -0.16553E-06  0.99737E-07
 Y -0.16553E-06  0.15073E-01  0.74965E-05
 Z  0.99737E-07  0.74965E-05  0.15105E-01
 TENSOR EIGENVALUES:
 A  0.15260E-01  B  0.15071E-01  C  0.15107E-01
 PRINCIPAL AXES:
         X             Y             Z
 A  0.10000E+01 -0.86161E-03  0.60298E-03
 B  0.97163E-03  0.97633E+00 -0.21628E+00
 C -0.40236E-03  0.21628E+00  0.97633E+00
 NON BONDING WANNIER FUNCTION
 DISTANCE CENTROID-ATOM   10(  0  0  0) :   0.40453E-04
 ATOMIC POPULATION DATA:
 10 F (  0  0  0)  1.0000
 A.O. POPULATIONS OF ATOM   10(  0  0  0):
   0.3815   0.6289   0.0028  -0.0117  -0.0016   0.0000   0.0000   0.0000
   0.0000   0.0000   0.0000   0.0000   0.0000   0.0000   0.0000   0.0000
   0.0000   0.0000  -0.0000
~~~~~~~~~~~~~~~~~~~~~~~~~~~~~~~~~~~~~~~~~~~~~~~~~~~~~~~~~~~~~~~~~~~~~~~~~~~~~~~~
 WANNIER NUMBER   14 ATOMIC EXTENT  1.0000
 CENTROID'S COORDINATES R0:   -0.76506E-06    0.21069E+01    0.34531E+01
 EXPECTATION VALUE OF (R-R0)**2:  0.45438E-01
 SECOND ORDER TENSOR IN CARTESIAN AXES:
         X             Y             Z
 X  0.15260E-01  0.84893E-06  0.13950E-05
 Y  0.84893E-06  0.15073E-01 -0.72553E-05
 Z  0.13950E-05 -0.72553E-05  0.15105E-01
 TENSOR EIGENVALUES:
 A  0.15260E-01  B  0.15071E-01  C  0.15107E-01
 PRINCIPAL AXES:
         X             Y             Z
 A  0.99995E+00  0.41959E-02  0.88300E-02
 B -0.59430E-02  0.97806E+00  0.20825E+00
 C -0.77625E-02 -0.20829E+00  0.97804E+00
 NON BONDING WANNIER FUNCTION
 DISTANCE CENTROID-ATOM    9(  0  0  0) :   0.40246E-04
 ATOMIC POPULATION DATA:
  9 F (  0  0  0)  1.0000
 A.O. POPULATIONS OF ATOM    9(  0  0  0):
   0.3815   0.6289   0.0028  -0.0117  -0.0016   0.0000   0.0000   0.0000
   0.0000   0.0000   0.0000   0.0000   0.0000   0.0000   0.0000   0.0000
   0.0000   0.0000   0.0000
~~~~~~~~~~~~~~~~~~~~~~~~~~~~~~~~~~~~~~~~~~~~~~~~~~~~~~~~~~~~~~~~~~~~~~~~~~~~~~~~
 WANNIER NUMBER   15 ATOMIC EXTENT  1.0000
 CENTROID'S COORDINATES R0:   -0.39739E+01    0.46027E+01   -0.44506E+01
 EXPECTATION VALUE OF (R-R0)**2:  0.45419E-01
 SECOND ORDER TENSOR IN CARTESIAN AXES:
         X             Y             Z
 X  0.15135E-01 -0.76963E-06  0.25978E-05
 Y -0.76963E-06  0.15110E-01  0.28149E-04
 Z  0.25978E-05  0.28149E-04  0.15174E-01
 TENSOR EIGENVALUES:
 A  0.15135E-01  B  0.15099E-01  C  0.15184E-01
 PRINCIPAL AXES:
         X             Y             Z
 A  0.99802E+00 -0.57578E-01 -0.25375E-01
 B  0.44896E-01  0.93419E+00 -0.35395E+00
 C  0.44085E-01  0.35211E+00  0.93492E+00
 NON BONDING WANNIER FUNCTION
 DISTANCE CENTROID-ATOM    8(  0  0  0) :   0.84015E-04
 ATOMIC POPULATION DATA:
  8 F (  0  0  0)  1.0000
 A.O. POPULATIONS OF ATOM    8(  0  0  0):
   0.3815   0.6290   0.0028  -0.0117  -0.0016   0.0000   0.0000   0.0000
   0.0000   0.0000   0.0000   0.0000   0.0000   0.0000   0.0000   0.0000
   0.0000  -0.0000   0.0000
~~~~~~~~~~~~~~~~~~~~~~~~~~~~~~~~~~~~~~~~~~~~~~~~~~~~~~~~~~~~~~~~~~~~~~~~~~~~~~~~
 WANNIER NUMBER   16 ATOMIC EXTENT  1.0000
 CENTROID'S COORDINATES R0:   -0.39739E+01   -0.46027E+01    0.10910E+01
 EXPECTATION VALUE OF (R-R0)**2:  0.45423E-01
 SECOND ORDER TENSOR IN CARTESIAN AXES:
         X             Y             Z
 X  0.15135E-01  0.11285E-05  0.23436E-05
 Y  0.11285E-05  0.15111E-01 -0.29766E-04
 Z  0.23436E-05 -0.29766E-04  0.15177E-01
 TENSOR EIGENVALUES:
 A  0.15135E-01  B  0.15099E-01  C  0.15188E-01
 PRINCIPAL AXES:
         X             Y             Z
 A  0.99802E+00  0.61777E-01 -0.11842E-01
 B -0.53412E-01  0.93174E+00  0.35918E+00
 C  0.33223E-01 -0.35784E+00  0.93319E+00
 NON BONDING WANNIER FUNCTION
 DISTANCE CENTROID-ATOM    7(  0  0  0) :   0.83042E-04
 ATOMIC POPULATION DATA:
  7 F (  0  0  0)  1.0000
 A.O. POPULATIONS OF ATOM    7(  0  0  0):
   0.3815   0.6290   0.0028  -0.0117  -0.0016  -0.0000   0.0000   0.0000
   0.0000   0.0000   0.0000  -0.0000   0.0000   0.0000   0.0000   0.0000
   0.0000  -0.0000   0.0000
~~~~~~~~~~~~~~~~~~~~~~~~~~~~~~~~~~~~~~~~~~~~~~~~~~~~~~~~~~~~~~~~~~~~~~~~~~~~~~~~
 WANNIER NUMBER   17 ATOMIC EXTENT  1.0000
 CENTROID'S COORDINATES R0:   -0.39739E+01   -0.54911E+01   -0.41439E+01
 EXPECTATION VALUE OF (R-R0)**2:  0.45401E-01
 SECOND ORDER TENSOR IN CARTESIAN AXES:
         X             Y             Z
 X  0.15110E-01  0.40480E-06  0.37328E-06
 Y  0.40480E-06  0.15158E-01 -0.58609E-05
 Z  0.37328E-06 -0.58609E-05  0.15132E-01
 TENSOR EIGENVALUES:
 A  0.15110E-01  B  0.15159E-01  C  0.15131E-01
 PRINCIPAL AXES:
         X             Y             Z
 A  0.99974E+00 -0.10982E-01 -0.19919E-01
 B  0.64749E-02  0.97690E+00 -0.21362E+00
 C  0.21805E-01  0.21343E+00  0.97671E+00
 NON BONDING WANNIER FUNCTION
 DISTANCE CENTROID-ATOM    5(  0  0  0) :   0.83578E-04
 ATOMIC POPULATION DATA:
  5 F (  0  0  0)  1.0000
 A.O. POPULATIONS OF ATOM    5(  0  0  0):
   0.3815   0.6290   0.0028  -0.0117  -0.0016   0.0000   0.0000   0.0000
   0.0000   0.0000   0.0000   0.0000   0.0000   0.0000   0.0000   0.0000
  -0.0000   0.0000   0.0000
~~~~~~~~~~~~~~~~~~~~~~~~~~~~~~~~~~~~~~~~~~~~~~~~~~~~~~~~~~~~~~~~~~~~~~~~~~~~~~~~
 WANNIER NUMBER   18 ATOMIC EXTENT  1.0000
 CENTROID'S COORDINATES R0:   -0.39739E+01    0.54911E+01    0.13977E+01
 EXPECTATION VALUE OF (R-R0)**2:  0.45403E-01
 SECOND ORDER TENSOR IN CARTESIAN AXES:
         X             Y             Z
 X  0.15113E-01 -0.15280E-05 -0.11510E-05
 Y -0.15280E-05  0.15159E-01  0.78428E-05
 Z -0.11510E-05  0.78428E-05  0.15131E-01
 TENSOR EIGENVALUES:
 A  0.15113E-01  B  0.15161E-01  C  0.15129E-01
 PRINCIPAL AXES:
         X             Y             Z
 A  0.99842E+00  0.24161E-01  0.50678E-01
 B -0.36312E-01  0.96634E+00  0.25468E+00
 C -0.42819E-01 -0.25612E+00  0.96570E+00
 NON BONDING WANNIER FUNCTION
 DISTANCE CENTROID-ATOM    6(  0  0  0) :   0.83600E-04
 ATOMIC POPULATION DATA:
  6 F (  0  0  0)  1.0000
 A.O. POPULATIONS OF ATOM    6(  0  0  0):
   0.3815   0.6290   0.0028  -0.0117  -0.0016   0.0000   0.0000   0.0000
   0.0000   0.0000   0.0000   0.0000   0.0000   0.0000   0.0000   0.0000
  -0.0000   0.0000   0.0000
~~~~~~~~~~~~~~~~~~~~~~~~~~~~~~~~~~~~~~~~~~~~~~~~~~~~~~~~~~~~~~~~~~~~~~~~~~~~~~~~
 WANNIER NUMBER   19 ATOMIC EXTENT  1.0000
 CENTROID'S COORDINATES R0:   -0.39607E+01    0.24417E+01    0.37087E+01
 EXPECTATION VALUE OF (R-R0)**2:  0.41828E-01
 SECOND ORDER TENSOR IN CARTESIAN AXES:
         X             Y             Z
 X  0.12575E-01  0.31195E-03  0.47793E-03
 Y  0.31195E-03  0.13695E-01  0.19352E-02
 Z  0.47793E-03  0.19352E-02  0.15557E-01
 TENSOR EIGENVALUES:
 A  0.12503E-01  B  0.12475E-01  C  0.16850E-01
 PRINCIPAL AXES:
         X             Y             Z
 A  0.91849E+00  0.25295E+00 -0.30397E+00
 B -0.37265E+00  0.81084E+00 -0.45130E+00
 C  0.13231E+00  0.52779E+00  0.83900E+00
 NON BONDING WANNIER FUNCTION
 DISTANCE CENTROID-ATOM    4(  0  0  0) :   0.10212E+00
 ATOMIC POPULATION DATA:
  4 ZN(  0  0  0)  1.0000
 A.O. POPULATIONS OF ATOM    4(  0  0  0):
  -0.0063   0.2656  -0.0035  -0.0063   0.0004  -0.0001  -0.0000  -0.0000
  -0.0000   0.0130   0.2131   0.5447  -0.0004  -0.0057  -0.0147   0.0000
   0.0000   0.0001   0.0000   0.0000   0.0000   0.0000   0.0000   0.0000
   0.0000   0.0000   0.0000   0.0000   0.0000   0.0000   0.0000   0.0000
   0.0000
~~~~~~~~~~~~~~~~~~~~~~~~~~~~~~~~~~~~~~~~~~~~~~~~~~~~~~~~~~~~~~~~~~~~~~~~~~~~~~~~
 WANNIER NUMBER   20 ATOMIC EXTENT  0.9972
 CENTROID'S COORDINATES R0:   -0.34884E+01   -0.24413E+01   -0.18449E+01
 EXPECTATION VALUE OF (R-R0)**2:  0.58327E+00
 SECOND ORDER TENSOR IN CARTESIAN AXES:
         X             Y             Z
 X  0.28696E+00 -0.12224E-01  0.20594E-01
 Y -0.12224E-01  0.14898E+00 -0.14337E-01
 Z  0.20594E-01 -0.14337E-01  0.14734E+00
 TENSOR EIGENVALUES:
 A  0.29135E+00  B  0.15845E+00  C  0.13348E+00
 PRINCIPAL AXES:
         X             Y             Z
 A  0.98357E+00 -0.99613E-01  0.15057E+00
 B  0.17389E+00  0.74694E+00 -0.64175E+00
 C -0.48540E-01  0.65739E+00  0.75198E+00
 NON BONDING WANNIER FUNCTION
 DISTANCE CENTROID-ATOM    3(  0  0  0) :   0.49396E+00
 ATOMIC POPULATION DATA:
  3 ZN(  0  0  0)  1.0014
 A.O. POPULATIONS OF ATOM    3(  0  0  0):
  -0.0000  -0.0043   0.0683   0.0483   0.0021   0.0016   0.0006   0.0001
   0.0001  -0.0102  -0.0001  -0.0003   0.2778   0.0023   0.0072   0.0692
   0.0006   0.0019   0.0575   0.0204   0.0030   0.2016   0.0129   0.0341
   0.0122   0.0018   0.1198   0.0077   0.0124   0.0049   0.0007   0.0439
   0.0031
~~~~~~~~~~~~~~~~~~~~~~~~~~~~~~~~~~~~~~~~~~~~~~~~~~~~~~~~~~~~~~~~~~~~~~~~~~~~~~~~
 WANNIER NUMBER   21 ATOMIC EXTENT  0.9993
 CENTROID'S COORDINATES R0:   -0.43175E+01    0.21722E+01    0.38401E+01
 EXPECTATION VALUE OF (R-R0)**2:  0.65125E+00
 SECOND ORDER TENSOR IN CARTESIAN AXES:
         X             Y             Z
 X  0.26121E+00  0.42502E-01 -0.56827E-01
 Y  0.42502E-01  0.20424E+00 -0.48943E-01
 Z -0.56827E-01 -0.48943E-01  0.18580E+00
 TENSOR EIGENVALUES:
 A  0.32336E+00  B  0.18641E+00  C  0.14147E+00
 PRINCIPAL AXES:
         X             Y             Z
 A  0.74946E+00  0.46216E+00 -0.47404E+00
 B -0.62526E+00  0.72946E+00 -0.27738E+00
 C  0.21760E+00  0.50428E+00  0.83567E+00
 NON BONDING WANNIER FUNCTION
 DISTANCE CENTROID-ATOM    4(  0  0  0) :   0.46027E+00
 ATOMIC POPULATION DATA:
  4 ZN(  0  0  0)  1.0003
 A.O. POPULATIONS OF ATOM    4(  0  0  0):
  -0.0000  -0.0037   0.0588   0.0415   0.0014   0.0001   0.0000  -0.0000
   0.0003  -0.0052  -0.0021  -0.0021   0.1391   0.0562   0.0550   0.0346
   0.0139   0.0138   0.0017   0.1151   0.0276   0.0276   0.1544   0.0010
   0.0691   0.0164   0.0164   0.0927   0.0003   0.0276   0.0062   0.0062
   0.0366
~~~~~~~~~~~~~~~~~~~~~~~~~~~~~~~~~~~~~~~~~~~~~~~~~~~~~~~~~~~~~~~~~~~~~~~~~~~~~~~~
 WANNIER NUMBER   22 ATOMIC EXTENT  0.9990
 CENTROID'S COORDINATES R0:   -0.43980E+01   -0.24936E+01   -0.16911E+01
 EXPECTATION VALUE OF (R-R0)**2:  0.59283E+00
 SECOND ORDER TENSOR IN CARTESIAN AXES:
         X             Y             Z
 X  0.25926E+00  0.26860E-01 -0.46968E-01
 Y  0.26860E-01  0.14359E+00 -0.17621E-01
 Z -0.46968E-01 -0.17621E-01  0.18999E+00
 TENSOR EIGENVALUES:
 A  0.28994E+00  B  0.13621E+00  C  0.16668E+00
 PRINCIPAL AXES:
         X             Y             Z
 A  0.86924E+00  0.21323E+00 -0.44604E+00
 B -0.13571E+00  0.97046E+00  0.19946E+00
 C  0.47539E+00 -0.11284E+00  0.87251E+00
 NON BONDING WANNIER FUNCTION
 DISTANCE CENTROID-ATOM    3(  0  0  0) :   0.49278E+00
 ATOMIC POPULATION DATA:
  3 ZN(  0  0  0)  1.0005
 A.O. POPULATIONS OF ATOM    3(  0  0  0):
  -0.0001  -0.0042   0.0689   0.0487   0.0018   0.0011   0.0007   0.0001
   0.0002  -0.0075  -0.0005  -0.0022   0.2096   0.0153   0.0607   0.0525
   0.0039   0.0152   0.0208   0.1614   0.0063   0.0794   0.0254   0.0124
   0.0969   0.0037   0.0471   0.0153   0.0045   0.0386   0.0013   0.0170
   0.0060
~~~~~~~~~~~~~~~~~~~~~~~~~~~~~~~~~~~~~~~~~~~~~~~~~~~~~~~~~~~~~~~~~~~~~~~~~~~~~~~~
 WANNIER NUMBER   23 ATOMIC EXTENT  1.0000
